1 1 0 1 0 0 0 3000 1 9 9 0
1 2 0 1 0 0 0 3000 1 7 7 9
1 3 0 1 0 0 0 3000 3 10 10 7
1 4 0 1 0 0 0 3000 2 10 10 10
1 5 0 1 0 0 0 3000 3 3 3 10
1 6 1 1 1 0 0 882 1 10 10 3
1 7 0 1 0 0 0 3000 3 14 14 10
1 8 0 1 0 0 0 3000 2 14 14 14
1 9 1 1 1 0 0 638 1 14 14 14
1 10 1 0 0 1 0 3000 1 14 14 14
1 11 1 0 0 1 0 3000 1 14 14 14
1 12 1 1 1 0 0 676 1 14 14 14
1 13 0 1 0 0 0 3000 3 4 4 14
1 14 1 0 0 1 0 3000 1 14 14 4
1 15 1 1 1 0 0 865 1 4 4 14
1 16 0 1 0 0 0 3000 3 6 6 4
1 17 0 1 0 0 0 3000 2 15 15 6
1 18 1 1 1 0 0 414 1 6 6 15
1 19 0 1 0 0 0 3000 3 5 5 6
1 20 1 0 0 1 0 3000 1 6 6 5
1 21 1 1 1 0 0 315 1 5 5 6
1 22 1 0 0 1 0 3000 1 6 6 5
1 23 0 1 0 0 0 3000 2 9 9 6
1 24 0 1 0 0 0 3000 3 12 12 9
1 25 0 1 0 0 0 3000 2 2 2 12
2 1 0 1 0 0 0 3000 2 1 1 2
2 2 0 1 0 0 0 3000 2 14 14 1
2 3 0 1 0 0 0 3000 2 5 5 14
2 4 1 1 1 0 0 317 1 14 14 5
2 5 0 1 0 0 0 3000 2 1 1 14
2 6 1 1 1 0 0 312 1 14 14 1
2 7 0 1 0 0 0 3000 2 6 6 14
2 8 1 1 1 0 0 357 1 14 14 6
2 9 1 1 1 0 0 505 1 6 6 14
2 10 0 1 0 0 0 3000 3 6 6 6
2 11 1 1 1 0 0 406 1 6 6 6
2 12 0 1 0 0 0 3000 3 5 5 6
2 13 1 1 1 0 0 357 1 6 6 5
2 14 0 1 0 0 0 3000 3 14 14 6
2 15 0 1 0 0 0 3000 2 7 7 14
2 16 0 0 0 0 1 476 2 7 7 7
2 17 1 0 0 1 0 3000 1 7 7 7
2 18 0 1 0 0 0 3000 3 1 1 7
2 19 0 1 0 0 0 3000 3 6 6 1
2 20 0 1 0 0 0 3000 3 14 14 6
2 21 0 1 0 0 0 3000 3 15 15 14
2 22 0 1 0 0 0 3000 3 7 7 15
2 23 1 1 1 0 0 414 1 15 15 7
2 24 1 1 1 0 0 629 1 7 7 15
2 25 0 1 0 0 0 3000 2 6 6 7
3 1 0 1 0 0 0 3000 1 11 11 6
3 2 0 1 0 0 0 3000 3 3 3 11
3 3 0 1 0 0 0 3000 2 4 4 3
3 4 1 1 1 0 0 300 1 3 3 4
3 5 0 1 0 0 0 3000 3 1 1 3
3 6 0 1 0 0 0 3000 2 13 13 1
3 7 0 0 0 0 1 531 2 4 4 13
3 8 0 1 0 0 0 3000 3 1 1 4
3 9 0 1 0 0 0 3000 2 8 8 1
3 10 0 1 0 0 0 3000 2 2 2 8
3 11 0 1 0 0 0 3000 3 6 6 2
3 12 0 1 0 0 0 3000 2 6 6 6
3 13 0 1 0 0 0 3000 3 11 11 6
3 14 1 1 1 0 0 394 1 6 6 11
3 15 0 1 0 0 0 3000 2 4 4 6
3 16 1 1 1 0 0 298 1 6 6 4
3 17 1 1 1 0 0 491 1 4 4 6
3 18 1 1 1 0 0 482 1 6 6 4
3 19 1 1 1 0 0 358 1 4 4 6
3 20 0 1 0 0 0 3000 3 15 15 4
3 21 0 1 0 0 0 3000 3 9 9 15
3 22 1 1 1 0 0 325 1 15 15 9
3 23 1 1 1 0 0 351 1 9 9 15
3 24 0 1 0 0 0 3000 2 10 10 9
3 25 0 1 0 0 0 3000 3 12 12 10
4 1 0 1 0 0 0 3000 2 14 14 12
4 2 0 1 0 0 0 3000 3 10 10 14
4 3 0 1 0 0 0 3000 3 12 12 10
4 4 0 1 0 0 0 3000 3 11 11 12
4 5 0 1 0 0 0 3000 2 14 14 11
4 6 0 1 0 0 0 3000 2 3 3 14
4 7 0 1 0 0 0 3000 2 9 9 3
4 8 0 1 0 0 0 3000 2 7 7 9
4 9 1 1 1 0 0 499 1 9 9 7
4 10 0 1 0 0 0 3000 2 10 10 9
4 11 1 1 1 0 0 404 1 9 9 10
4 12 0 1 0 0 0 3000 2 13 13 9
4 13 1 1 1 0 0 684 1 9 9 13
4 14 0 0 0 0 1 891 2 10 10 9
4 15 0 1 0 0 0 3000 2 11 11 10
4 16 0 1 0 0 0 3000 2 8 8 11
4 17 1 1 1 0 0 601 1 11 11 8
4 18 0 1 0 0 0 3000 3 1 1 11
4 19 0 1 0 0 0 3000 2 2 2 1
4 20 0 1 0 0 0 3000 3 12 12 2
4 21 0 1 0 0 0 3000 2 3 3 12
4 22 0 0 0 0 1 716 3 1 1 3
4 23 1 1 1 0 0 724 1 3 3 1
4 24 0 1 0 0 0 3000 3 11 11 3
4 25 0 1 0 0 0 3000 3 10 10 11
5 1 0 1 0 0 0 3000 3 6 6 10
5 2 0 1 0 0 0 3000 3 12 12 6
5 3 1 1 1 0 0 400 1 6 6 12
5 4 1 1 1 0 0 609 1 12 12 6
5 5 0 1 0 0 0 3000 3 11 11 12
5 6 1 1 1 0 0 392 1 12 12 11
5 7 0 1 0 0 0 3000 3 12 12 12
5 8 1 1 1 0 0 549 1 12 12 12
5 9 0 1 0 0 0 3000 2 7 7 12
5 10 1 1 1 0 0 426 1 12 12 7
5 11 0 1 0 0 0 3000 2 4 4 12
5 12 0 1 0 0 0 3000 2 14 14 4
5 13 1 1 1 0 0 394 1 4 4 14
5 14 0 1 0 0 0 3000 3 4 4 4
5 15 1 0 0 1 0 3000 1 4 4 4
5 16 0 1 0 0 0 3000 2 9 9 4
5 17 0 1 0 0 0 3000 2 5 5 9
5 18 1 1 1 0 0 395 1 9 9 5
5 19 0 1 0 0 0 3000 3 11 11 9
5 20 1 1 1 0 0 346 1 9 9 11
5 21 0 1 0 0 0 3000 2 5 5 9
5 22 1 1 1 0 0 332 1 9 9 5
5 23 1 1 1 0 0 405 1 5 5 9
5 24 1 1 1 0 0 474 1 9 9 5
5 25 0 1 0 0 0 3000 2 6 6 9
