1 1 0 1 0 0 0 3000 3 6 6 0
1 2 0 1 0 0 0 3000 2 12 12 6
1 3 1 0 0 1 0 3000 1 6 6 12
1 4 0 1 0 0 0 3000 2 6 6 6
1 5 0 1 0 0 0 3000 3 2 2 6
1 6 1 0 0 1 0 3000 1 6 6 2
1 7 0 1 0 0 0 3000 3 12 12 6
1 8 0 1 0 0 0 3000 2 11 11 12
1 9 0 1 0 0 0 3000 2 9 9 11
1 10 1 0 0 1 0 3000 1 11 11 9
1 11 0 1 0 0 0 3000 3 3 3 11
1 12 0 1 0 0 0 3000 3 3 3 3
1 13 0 1 0 0 0 3000 2 14 14 3
1 14 0 0 0 0 1 1196 2 7 7 14
1 15 0 1 0 0 0 3000 2 6 6 7
1 16 0 1 0 0 0 3000 2 1 1 6
1 17 1 0 0 1 0 3000 1 6 6 1
1 18 0 1 0 0 0 3000 3 10 10 6
1 19 0 1 0 0 0 3000 2 12 12 10
1 20 0 1 0 0 0 3000 3 11 11 12
1 21 0 1 0 0 0 3000 3 10 10 11
1 22 0 1 0 0 0 3000 3 9 9 10
1 23 0 1 0 0 0 3000 2 8 8 9
1 24 0 1 0 0 0 3000 3 7 7 8
1 25 0 1 0 0 0 3000 3 9 9 7
2 1 0 1 0 0 0 3000 3 10 10 9
2 2 0 1 0 0 0 3000 3 2 2 10
2 3 0 1 0 0 0 3000 3 12 12 2
2 4 0 1 0 0 0 3000 2 11 11 12
2 5 1 1 1 0 0 1060 1 12 12 11
2 6 0 1 0 0 0 3000 2 9 9 12
2 7 0 1 0 0 0 3000 2 10 10 9
2 8 0 1 0 0 0 3000 3 1 1 10
2 9 0 1 0 0 0 3000 3 4 4 1
2 10 0 1 0 0 0 3000 2 6 6 4
2 11 1 1 1 0 0 734 1 4 4 6
2 12 0 1 0 0 0 3000 3 13 13 4
2 13 0 1 0 0 0 3000 3 8 8 13
2 14 0 1 0 0 0 3000 3 4 4 8
2 15 0 1 0 0 0 3000 3 12 12 4
2 16 1 1 1 0 0 705 1 4 4 12
2 17 0 1 0 0 0 3000 2 10 10 4
2 18 0 1 0 0 0 3000 2 15 15 10
2 19 1 1 1 0 0 2238 1 10 10 15
2 20 1 0 0 1 0 3000 1 15 15 10
2 21 0 1 0 0 0 3000 3 7 7 15
2 22 0 1 0 0 0 3000 2 1 1 7
2 23 0 1 0 0 0 3000 2 12 12 1
2 24 0 1 0 0 0 3000 3 15 15 12
2 25 0 1 0 0 0 3000 3 13 13 15
3 1 0 1 0 0 0 3000 3 11 11 13
3 2 0 1 0 0 0 3000 3 8 8 11
3 3 0 1 0 0 0 3000 2 9 9 8
3 4 0 1 0 0 0 3000 3 15 15 9
3 5 0 1 0 0 0 3000 2 7 7 15
3 6 1 1 1 0 0 692 1 15 15 7
3 7 1 0 0 1 0 3000 1 7 7 15
3 8 0 1 0 0 0 3000 2 13 13 7
3 9 0 1 0 0 0 3000 2 11 11 13
3 10 1 0 0 1 0 3000 1 13 13 11
3 11 0 0 0 0 1 422 3 9 9 13
3 12 1 0 0 1 0 3000 1 13 13 9
3 13 0 1 0 0 0 3000 3 15 15 13
3 14 0 1 0 0 0 3000 3 3 3 15
3 15 0 1 0 0 0 3000 3 7 7 3
3 16 0 0 0 0 1 970 3 13 13 7
3 17 1 0 0 1 0 3000 1 7 7 13
3 18 1 0 0 1 0 3000 1 13 13 7
3 19 0 1 0 0 0 3000 3 9 9 13
3 20 1 1 1 0 0 447 1 13 13 9
3 21 1 0 0 1 0 3000 1 9 9 13
3 22 1 0 0 1 0 3000 1 13 13 9
3 23 0 1 0 0 0 3000 3 4 4 13
3 24 0 1 0 0 0 3000 2 7 7 4
3 25 0 1 0 0 0 3000 2 5 5 7
4 1 0 1 0 0 0 3000 2 12 12 5
4 2 0 1 0 0 0 3000 1 11 11 12
4 3 1 0 0 1 0 3000 1 12 12 11
4 4 1 1 1 0 0 706 1 11 11 12
4 5 0 1 0 0 0 3000 3 6 6 11
4 6 0 1 0 0 0 3000 2 10 10 6
4 7 0 1 0 0 0 3000 2 3 3 10
4 8 1 1 1 0 0 503 1 10 10 3
4 9 1 0 0 1 0 3000 1 3 3 10
4 10 0 1 0 0 0 3000 2 9 9 3
4 11 0 1 0 0 0 3000 2 1 1 9
4 12 1 1 1 0 0 1102 1 9 9 1
4 13 0 1 0 0 0 3000 3 9 9 9
4 14 0 1 0 0 0 3000 2 1 1 9
4 15 0 1 0 0 0 3000 2 5 5 1
4 16 1 1 1 0 0 1546 1 1 1 5
4 17 0 1 0 0 0 3000 2 4 4 1
4 18 0 1 0 0 0 3000 3 15 15 4
4 19 0 1 0 0 0 3000 3 11 11 15
4 20 0 1 0 0 0 3000 3 8 8 11
4 21 0 0 0 0 1 685 3 13 13 8
4 22 1 0 0 1 0 3000 1 8 8 13
4 23 1 0 0 1 0 3000 1 13 13 8
4 24 0 1 0 0 0 3000 2 15 15 13
4 25 1 1 1 0 0 656 1 13 13 15
5 1 0 1 0 0 0 3000 3 6 6 13
5 2 0 1 0 0 0 3000 3 2 2 6
5 3 0 1 0 0 0 3000 2 9 9 2
5 4 0 1 0 0 0 3000 2 5 5 9
5 5 0 1 0 0 0 3000 2 11 11 5
5 6 0 1 0 0 0 3000 3 4 4 11
5 7 0 1 0 0 0 3000 3 8 8 4
5 8 1 1 1 0 0 335 1 4 4 8
5 9 0 0 0 0 1 1103 2 2 2 4
5 10 0 1 0 0 0 3000 3 6 6 2
5 11 0 1 0 0 0 3000 2 11 11 6
5 12 0 1 0 0 0 3000 3 10 10 11
5 13 0 1 0 0 0 3000 3 8 8 10
5 14 1 1 1 0 0 808 1 10 10 8
5 15 1 0 0 1 0 3000 1 8 8 10
5 16 0 1 0 0 0 3000 2 11 11 8
5 17 0 1 0 0 0 3000 2 15 15 11
5 18 0 1 0 0 0 3000 3 14 14 15
5 19 0 1 0 0 0 3000 2 5 5 14
5 20 1 1 1 0 0 372 1 14 14 5
5 21 0 1 0 0 0 3000 3 11 11 14
5 22 0 1 0 0 0 3000 2 5 5 11
5 23 1 1 1 0 0 405 1 11 11 5
5 24 1 0 0 1 0 3000 1 5 5 11
5 25 0 1 0 0 0 3000 3 3 3 5
