1 1 0 1 0 0 0 3000 2 2 2 0
1 2 0 1 0 0 0 3000 3 3 3 2
1 3 1 1 1 0 0 588 1 2 2 3
1 4 0 1 0 0 0 3000 2 11 11 2
1 5 1 0 0 1 0 3000 1 2 2 11
1 6 0 0 0 0 1 537 3 10 10 2
1 7 1 0 0 1 0 3000 1 2 2 10
1 8 1 0 0 1 0 3000 1 10 10 2
1 9 0 1 0 0 0 3000 2 13 13 10
1 10 0 1 0 0 0 3000 2 11 11 13
1 11 1 1 1 0 0 494 1 13 13 11
1 12 0 1 0 0 0 3000 3 15 15 13
1 13 0 1 0 0 0 3000 3 5 5 15
1 14 0 1 0 0 0 3000 2 1 1 5
1 15 0 1 0 0 0 3000 2 10 10 1
1 16 1 1 1 0 0 434 1 1 1 10
1 17 0 1 0 0 0 3000 3 1 1 1
1 18 0 1 0 0 0 3000 3 5 5 1
1 19 0 1 0 0 0 3000 2 14 14 5
1 20 0 1 0 0 0 3000 2 6 6 14
1 21 0 1 0 0 0 3000 3 5 5 6
1 22 1 1 1 0 0 653 1 6 6 5
1 23 0 1 0 0 0 3000 3 1 1 6
1 24 0 1 0 0 0 3000 3 9 9 1
1 25 0 1 0 0 0 3000 2 14 14 9
2 1 0 1 0 0 0 3000 1 13 13 14
2 2 0 1 0 0 0 3000 3 15 15 13
2 3 1 1 1 0 0 391 1 13 13 15
2 4 0 1 0 0 0 3000 2 3 3 13
2 5 0 1 0 0 0 3000 2 3 3 3
2 6 0 1 0 0 0 3000 2 4 4 3
2 7 0 1 0 0 0 3000 2 1 1 4
2 8 0 1 0 0 0 3000 3 13 13 1
2 9 1 1 1 0 0 607 1 1 1 13
2 10 0 1 0 0 0 3000 2 10 10 1
2 11 0 1 0 0 0 3000 2 3 3 10
2 12 0 1 0 0 0 3000 2 1 1 3
2 13 0 1 0 0 0 3000 2 10 10 1
2 14 0 1 0 0 0 3000 2 10 10 10
2 15 1 1 1 0 0 612 1 10 10 10
2 16 0 1 0 0 0 3000 2 3 3 10
2 17 0 1 0 0 0 3000 3 2 2 3
2 18 0 1 0 0 0 3000 2 1 1 2
2 19 0 1 0 0 0 3000 3 5 5 1
2 20 1 1 1 0 0 535 1 1 1 5
2 21 0 1 0 0 0 3000 3 4 4 1
2 22 0 1 0 0 0 3000 3 13 13 4
2 23 0 1 0 0 0 3000 2 13 13 13
2 24 0 1 0 0 0 3000 3 5 5 13
2 25 0 1 0 0 0 3000 2 12 12 5
3 1 0 1 0 0 0 3000 2 6 6 12
3 2 0 1 0 0 0 3000 1 4 4 6
3 3 0 1 0 0 0 3000 3 2 2 4
3 4 0 1 0 0 0 3000 3 11 11 2
3 5 0 1 0 0 0 3000 2 7 7 11
3 6 0 1 0 0 0 3000 2 5 5 7
3 7 0 1 0 0 0 3000 3 6 6 5
3 8 1 1 1 0 0 1934 1 5 5 6
3 9 0 1 0 0 0 3000 3 11 11 5
3 10 0 1 0 0 0 3000 3 7 7 11
3 11 0 1 0 0 0 3000 3 4 4 7
3 12 0 1 0 0 0 3000 3 13 13 4
3 13 0 1 0 0 0 3000 2 3 3 13
3 14 0 1 0 0 0 3000 2 2 2 3
3 15 0 1 0 0 0 3000 2 1 1 2
3 16 0 1 0 0 0 3000 3 6 6 1
3 17 1 1 1 0 0 861 1 1 1 6
3 18 0 1 0 0 0 3000 3 10 10 1
3 19 1 0 0 1 0 3000 1 1 1 10
3 20 0 1 0 0 0 3000 3 5 5 1
3 21 0 1 0 0 0 3000 3 2 2 5
3 22 1 1 1 0 0 961 1 5 5 2
3 23 0 1 0 0 0 3000 2 1 1 5
3 24 1 0 0 1 0 3000 1 5 5 1
3 25 1 1 1 0 0 558 1 1 1 5
4 1 0 1 0 0 0 3000 1 9 9 1
4 2 0 1 0 0 0 3000 2 7 7 9
4 3 0 1 0 0 0 3000 2 13 13 7
4 4 0 1 0 0 0 3000 3 15 15 13
4 5 0 1 0 0 0 3000 2 10 10 15
4 6 0 1 0 0 0 3000 3 13 13 10
4 7 0 1 0 0 0 3000 2 2 2 13
4 8 1 1 1 0 0 548 1 13 13 2
4 9 1 0 0 1 0 3000 1 2 2 13
4 10 1 0 0 1 0 3000 1 13 13 2
4 11 0 1 0 0 0 3000 2 1 1 13
4 12 1 1 1 0 0 659 1 13 13 1
4 13 1 0 0 1 0 3000 1 1 1 13
4 14 0 1 0 0 0 3000 3 4 4 1
4 15 0 1 0 0 0 3000 2 6 6 4
4 16 0 1 0 0 0 3000 2 2 2 6
4 17 1 1 1 0 0 499 1 6 6 2
4 18 1 0 0 1 0 3000 1 2 2 6
4 19 1 0 0 1 0 3000 1 6 6 2
4 20 0 1 0 0 0 3000 3 8 8 6
4 21 1 1 1 0 0 964 1 6 6 8
4 22 0 1 0 0 0 3000 2 1 1 6
4 23 0 1 0 0 0 3000 2 10 10 1
4 24 1 1 1 0 0 440 1 1 1 10
4 25 0 1 0 0 0 3000 3 8 8 1
5 1 0 1 0 0 0 3000 2 13 13 8
5 2 0 1 0 0 0 3000 3 9 9 13
5 3 1 1 1 0 0 555 1 13 13 9
5 4 1 0 0 1 0 3000 1 9 9 13
5 5 0 1 0 0 0 3000 2 6 6 9
5 6 0 1 0 0 0 3000 3 13 13 6
5 7 1 1 1 0 0 536 1 6 6 13
5 8 0 1 0 0 0 3000 2 1 1 6
5 9 0 1 0 0 0 3000 3 3 3 1
5 10 1 1 1 0 0 403 1 1 1 3
5 11 1 0 0 1 0 3000 1 3 3 1
5 12 0 1 0 0 0 3000 2 9 9 3
5 13 1 1 1 0 0 738 1 3 3 9
5 14 0 1 0 0 0 3000 3 14 14 3
5 15 1 0 0 1 0 3000 1 3 3 14
5 16 0 1 0 0 0 3000 2 2 2 3
5 17 0 1 0 0 0 3000 3 6 6 2
5 18 0 1 0 0 0 3000 2 8 8 6
5 19 0 1 0 0 0 3000 2 13 13 8
5 20 0 1 0 0 0 3000 3 11 11 13
5 21 0 1 0 0 0 3000 3 5 5 11
5 22 0 1 0 0 0 3000 2 5 5 5
5 23 0 1 0 0 0 3000 3 4 4 5
5 24 0 1 0 0 0 3000 2 15 15 4
5 25 1 1 1 0 0 748 1 4 4 15
