1 1 0 1 0 0 0 3000 2 4 4 0
1 2 0 1 0 0 0 3000 1 3 3 4
1 3 1 1 1 0 0 970 1 4 4 3
1 4 0 1 0 0 0 3000 2 1 1 4
1 5 0 1 0 0 0 3000 2 1 1 1
1 6 0 1 0 0 0 3000 3 5 5 1
1 7 1 0 0 1 0 3000 1 1 1 5
1 8 0 1 0 0 0 3000 3 12 12 1
1 9 0 1 0 0 0 3000 2 5 5 12
1 10 0 1 0 0 0 3000 3 14 14 5
1 11 0 1 0 0 0 3000 3 4 4 14
1 12 1 1 1 0 0 569 1 14 14 4
1 13 1 0 0 1 0 3000 1 4 4 14
1 14 0 1 0 0 0 3000 3 3 3 4
1 15 1 1 1 0 0 398 1 4 4 3
1 16 0 1 0 0 0 3000 3 10 10 4
1 17 1 0 0 1 0 3000 1 4 4 10
1 18 0 1 0 0 0 3000 2 6 6 4
1 19 0 1 0 0 0 3000 3 7 7 6
1 20 0 1 0 0 0 3000 3 2 2 7
1 21 0 1 0 0 0 3000 2 10 10 2
1 22 0 1 0 0 0 3000 3 9 9 10
1 23 1 0 0 1 0 3000 1 10 10 9
1 24 0 1 0 0 0 3000 3 4 4 10
1 25 1 0 0 1 0 3000 1 10 10 4
2 1 0 1 0 0 0 3000 3 10 10 10
2 2 0 1 0 0 0 3000 1 12 12 10
2 3 0 1 0 0 0 3000 3 11 11 12
2 4 0 1 0 0 0 3000 3 1 1 11
2 5 1 0 0 1 0 3000 1 11 11 1
2 6 1 1 1 0 0 718 1 1 1 11
2 7 0 1 0 0 0 3000 3 12 12 1
2 8 0 1 0 0 0 3000 2 2 2 12
2 9 0 1 0 0 0 3000 3 15 15 2
2 10 0 1 0 0 0 3000 3 11 11 15
2 11 0 1 0 0 0 3000 2 10 10 11
2 12 1 1 1 0 0 655 1 11 11 10
2 13 0 1 0 0 0 3000 3 9 9 11
2 14 0 1 0 0 0 3000 3 10 10 9
2 15 0 1 0 0 0 3000 2 12 12 10
2 16 1 1 1 0 0 923 1 10 10 12
2 17 1 0 0 1 0 3000 1 12 12 10
2 18 0 1 0 0 0 3000 2 15 15 12
2 19 1 1 1 0 0 430 1 12 12 15
2 20 0 1 0 0 0 3000 2 8 8 12
2 21 0 1 0 0 0 3000 2 15 15 8
2 22 1 1 1 0 0 509 1 8 8 15
2 23 0 1 0 0 0 3000 2 1 1 8
2 24 0 1 0 0 0 3000 2 1 1 1
2 25 1 1 1 0 0 620 1 1 1 1
3 1 0 1 0 0 0 3000 3 7 7 1
3 2 0 1 0 0 0 3000 1 5 5 7
3 3 0 1 0 0 0 3000 3 8 8 5
3 4 0 1 0 0 0 3000 3 13 13 8
3 5 0 1 0 0 0 3000 2 12 12 13
3 6 0 1 0 0 0 3000 2 6 6 12
3 7 0 1 0 0 0 3000 3 9 9 6
3 8 1 0 0 1 0 3000 1 6 6 9
3 9 0 1 0 0 0 3000 3 11 11 6
3 10 1 1 1 0 0 984 1 6 6 11
3 11 1 0 0 1 0 3000 1 11 11 6
3 12 0 1 0 0 0 3000 2 10 10 11
3 13 1 1 1 0 0 630 1 11 11 10
3 14 0 1 0 0 0 3000 3 7 7 11
3 15 0 0 0 0 1 507 3 10 10 7
3 16 0 1 0 0 0 3000 3 3 3 10
3 17 1 0 0 1 0 3000 1 10 10 3
3 18 1 1 1 0 0 586 1 3 3 10
3 19 0 1 0 0 0 3000 3 12 12 3
3 20 0 1 0 0 0 3000 2 12 12 12
3 21 0 1 0 0 0 3000 2 9 9 12
3 22 0 1 0 0 0 3000 2 8 8 9
3 23 0 1 0 0 0 3000 3 15 15 8
3 24 0 1 0 0 0 3000 2 2 2 15
3 25 0 0 0 0 1 1451 3 9 9 2
4 1 0 1 0 0 0 3000 3 3 3 9
4 2 0 1 0 0 0 3000 1 13 13 3
4 3 0 1 0 0 0 3000 2 9 9 13
4 4 0 1 0 0 0 3000 2 8 8 9
4 5 0 1 0 0 0 3000 3 8 8 8
4 6 0 1 0 0 0 3000 3 15 15 8
4 7 0 1 0 0 0 3000 3 14 14 15
4 8 1 1 1 0 0 400 1 15 15 14
4 9 1 0 0 1 0 3000 1 14 14 15
4 10 0 0 0 0 1 1046 3 14 14 14
4 11 0 1 0 0 0 3000 2 9 9 14
4 12 0 1 0 0 0 3000 3 10 10 9
4 13 0 1 0 0 0 3000 3 7 7 10
4 14 0 1 0 0 0 3000 3 8 8 7
4 15 1 1 1 0 0 601 1 7 7 8
4 16 0 1 0 0 0 3000 3 13 13 7
4 17 0 1 0 0 0 3000 3 4 4 13
4 18 0 1 0 0 0 3000 3 14 14 4
4 19 1 1 1 0 0 533 1 4 4 14
4 20 0 1 0 0 0 3000 3 8 8 4
4 21 0 1 0 0 0 3000 2 1 1 8
4 22 0 1 0 0 0 3000 2 1 1 1
4 23 1 1 1 0 0 521 1 1 1 1
4 24 0 1 0 0 0 3000 2 3 3 1
4 25 0 1 0 0 0 3000 2 3 3 3
5 1 0 1 0 0 0 3000 3 5 5 3
5 2 0 1 0 0 0 3000 1 6 6 5
5 3 0 1 0 0 0 3000 2 15 15 6
5 4 0 1 0 0 0 3000 2 15 15 15
5 5 0 1 0 0 0 3000 3 6 6 15
5 6 1 1 1 0 0 749 1 15 15 6
5 7 1 0 0 1 0 3000 1 6 6 15
5 8 0 1 0 0 0 3000 3 11 11 6
5 9 0 1 0 0 0 3000 3 14 14 11
5 10 0 1 0 0 0 3000 2 15 15 14
5 11 1 1 1 0 0 575 1 14 14 15
5 12 0 1 0 0 0 3000 3 9 9 14
5 13 0 1 0 0 0 3000 3 8 8 9
5 14 0 1 0 0 0 3000 3 10 10 8
5 15 0 1 0 0 0 3000 3 1 1 10
5 16 0 1 0 0 0 3000 3 8 8 1
5 17 0 1 0 0 0 3000 3 7 7 8
5 18 0 1 0 0 0 3000 2 13 13 7
5 19 1 1 1 0 0 449 1 7 7 13
5 20 1 0 0 1 0 3000 1 13 13 7
5 21 0 1 0 0 0 3000 3 13 13 13
5 22 0 1 0 0 0 3000 2 2 2 13
5 23 1 1 1 0 0 525 1 13 13 2
5 24 0 1 0 0 0 3000 2 6 6 13
5 25 0 1 0 0 0 3000 3 11 11 6
