1 1 0 1 0 0 0 3000 3 1 1 0
1 2 0 1 0 0 0 3000 3 2 2 1
1 3 0 1 0 0 0 3000 3 5 5 2
1 4 0 1 0 0 0 3000 2 7 7 5
1 5 0 0 0 0 1 553 2 1 1 7
1 6 0 1 0 0 0 3000 3 6 6 1
1 7 0 1 0 0 0 3000 3 9 9 6
1 8 0 1 0 0 0 3000 3 11 11 9
1 9 0 1 0 0 0 3000 3 12 12 11
1 10 0 1 0 0 0 3000 3 12 12 12
1 11 1 1 1 0 0 519 1 12 12 12
1 12 1 0 0 1 0 3000 1 12 12 12
1 13 0 1 0 0 0 3000 2 11 11 12
1 14 0 1 0 0 0 3000 2 9 9 11
1 15 0 1 0 0 0 3000 2 14 14 9
1 16 1 1 1 0 0 523 1 9 9 14
1 17 1 0 0 1 0 3000 1 14 14 9
1 18 0 1 0 0 0 3000 3 13 13 14
1 19 1 1 1 0 0 400 1 14 14 13
1 20 1 0 0 1 0 3000 1 13 13 14
1 21 0 1 0 0 0 3000 2 3 3 13
1 22 0 1 0 0 0 3000 2 14 14 3
1 23 1 1 1 0 0 395 1 3 3 14
1 24 0 1 0 0 0 3000 3 11 11 3
1 25 0 1 0 0 0 3000 2 9 9 11
2 1 0 1 0 0 0 3000 2 4 4 9
2 2 0 1 0 0 0 3000 1 8 8 4
2 3 0 1 0 0 0 3000 3 3 3 8
2 4 0 1 0 0 0 3000 2 13 13 3
2 5 1 1 1 0 0 581 1 3 3 13
2 6 0 1 0 0 0 3000 2 11 11 3
2 7 0 1 0 0 0 3000 2 10 10 11
2 8 1 1 1 0 0 411 1 11 11 10
2 9 0 1 0 0 0 3000 3 8 8 11
2 10 0 1 0 0 0 3000 3 12 12 8
2 11 0 1 0 0 0 3000 2 15 15 12
2 12 0 1 0 0 0 3000 2 8 8 15
2 13 1 1 1 0 0 583 1 15 15 8
2 14 1 0 0 1 0 3000 1 8 8 15
2 15 0 1 0 0 0 3000 3 11 11 8
2 16 1 1 1 0 0 692 1 8 8 11
2 17 1 0 0 1 0 3000 1 11 11 8
2 18 0 1 0 0 0 3000 2 15 15 11
2 19 0 1 0 0 0 3000 3 9 9 15
2 20 0 1 0 0 0 3000 2 3 3 9
2 21 0 1 0 0 0 3000 3 7 7 3
2 22 1 1 1 0 0 359 1 3 3 7
2 23 1 1 1 0 0 1294 1 7 7 3
2 24 1 0 0 1 0 3000 1 3 3 7
2 25 0 0 0 0 1 545 3 5 5 3
3 1 0 1 0 0 0 3000 3 11 11 5
3 2 0 1 0 0 0 3000 1 1 1 11
3 3 0 1 0 0 0 3000 2 15 15 1
3 4 0 1 0 0 0 3000 2 5 5 15
3 5 0 1 0 0 0 3000 3 4 4 5
3 6 0 1 0 0 0 3000 3 14 14 4
3 7 0 1 0 0 0 3000 2 8 8 14
3 8 0 0 0 0 1 387 2 13 13 8
3 9 1 0 0 1 0 3000 1 8 8 13
3 10 0 1 0 0 0 3000 3 15 15 8
3 11 0 1 0 0 0 3000 2 9 9 15
3 12 0 1 0 0 0 3000 2 1 1 9
3 13 1 1 1 0 0 573 1 9 9 1
3 14 0 1 0 0 0 3000 3 15 15 9
3 15 0 1 0 0 0 3000 3 11 11 15
3 16 0 0 0 0 1 546 2 7 7 11
3 17 0 1 0 0 0 3000 3 5 5 7
3 18 1 0 0 1 0 3000 1 7 7 5
3 19 1 1 1 0 0 584 1 5 5 7
3 20 0 1 0 0 0 3000 2 12 12 5
3 21 0 1 0 0 0 3000 3 6 6 12
3 22 0 0 0 0 1 500 3 6 6 6
3 23 1 0 0 1 0 3000 1 6 6 6
3 24 0 1 0 0 0 3000 3 13 13 6
3 25 0 1 0 0 0 3000 3 10 10 13
4 1 0 1 0 0 0 3000 1 11 11 10
4 2 0 1 0 0 0 3000 2 8 8 11
4 3 0 1 0 0 0 3000 2 5 5 8
4 4 0 1 0 0 0 3000 3 14 14 5
4 5 1 0 0 1 0 3000 1 5 5 14
4 6 1 1 1 0 0 671 1 14 14 5
4 7 0 1 0 0 0 3000 2 7 7 14
4 8 1 1 1 0 0 558 1 14 14 7
4 9 0 1 0 0 0 3000 3 2 2 14
4 10 0 1 0 0 0 3000 2 1 1 2
4 11 1 1 1 0 0 364 1 2 2 1
4 12 1 1 1 0 0 735 1 1 1 2
4 13 1 1 1 0 0 721 1 2 2 1
4 14 0 1 0 0 0 3000 2 6 6 2
4 15 1 1 1 0 0 382 1 2 2 6
4 16 0 1 0 0 0 3000 2 7 7 2
4 17 1 1 1 0 0 531 1 2 2 7
4 18 1 1 1 0 0 644 1 7 7 2
4 19 0 1 0 0 0 3000 3 1 1 7
4 20 0 1 0 0 0 3000 3 9 9 1
4 21 1 1 1 0 0 574 1 1 1 9
4 22 0 0 0 0 1 575 2 6 6 1
4 23 1 1 1 0 0 575 1 1 1 6
4 24 0 1 0 0 0 3000 2 3 3 1
4 25 1 1 1 0 0 635 1 1 1 3
5 1 0 1 0 0 0 3000 1 2 2 1
5 2 0 1 0 0 0 3000 1 6 6 2
5 3 0 1 0 0 0 3000 2 13 13 6
5 4 1 1 1 0 0 479 1 6 6 13
5 5 0 0 0 0 1 644 3 6 6 6
5 6 0 1 0 0 0 3000 3 9 9 6
5 7 1 1 1 0 0 544 1 6 6 9
5 8 0 1 0 0 0 3000 2 14 14 6
5 9 1 1 1 0 0 414 1 6 6 14
5 10 0 0 0 0 1 629 2 6 6 6
5 11 0 1 0 0 0 3000 3 14 14 6
5 12 0 1 0 0 0 3000 3 9 9 14
5 13 0 1 0 0 0 3000 2 2 2 9
5 14 0 1 0 0 0 3000 2 11 11 2
5 15 0 1 0 0 0 3000 3 13 13 11
5 16 0 1 0 0 0 3000 3 12 12 13
5 17 0 0 0 0 1 391 2 2 2 12
5 18 0 1 0 0 0 3000 2 10 10 2
5 19 1 1 1 0 0 716 1 2 2 10
5 20 0 1 0 0 0 3000 2 7 7 2
5 21 0 1 0 0 0 3000 2 13 13 7
5 22 0 1 0 0 0 3000 3 3 3 13
5 23 0 1 0 0 0 3000 2 8 8 3
5 24 0 1 0 0 0 3000 2 9 9 8
5 25 1 1 1 0 0 405 1 8 8 9
