1 1 0 1 0 0 0 3000 1 10 10 0
1 2 0 1 0 0 0 3000 3 12 12 10
1 3 0 1 0 0 0 3000 2 9 9 12
1 4 1 1 1 0 0 1772 1 12 12 9
1 5 0 1 0 0 0 3000 3 12 12 12
1 6 0 1 0 0 0 3000 3 11 11 12
1 7 0 1 0 0 0 3000 3 5 5 11
1 8 0 1 0 0 0 3000 3 2 2 5
1 9 0 1 0 0 0 3000 2 12 12 2
1 10 1 0 0 1 0 3000 1 2 2 12
1 11 0 1 0 0 0 3000 2 6 6 2
1 12 0 1 0 0 0 3000 2 12 12 6
1 13 0 1 0 0 0 3000 2 14 14 12
1 14 1 1 1 0 0 2952 1 12 12 14
1 15 1 0 0 1 0 3000 1 14 14 12
1 16 0 1 0 0 0 3000 2 5 5 14
1 17 0 1 0 0 0 3000 3 5 5 5
1 18 1 1 1 0 0 1525 1 5 5 5
1 19 0 1 0 0 0 3000 3 3 3 5
1 20 1 0 0 1 0 3000 1 5 5 3
1 21 1 1 1 0 0 1800 1 3 3 5
1 22 0 1 0 0 0 3000 3 1 1 3
1 23 0 1 0 0 0 3000 3 11 11 1
1 24 1 1 1 0 0 1437 1 1 1 11
1 25 1 0 0 1 0 3000 1 11 11 1
2 1 0 1 0 0 0 3000 1 14 14 11
2 2 0 1 0 0 0 3000 3 13 13 14
2 3 0 1 0 0 0 3000 3 12 12 13
2 4 1 1 1 0 0 1700 1 13 13 12
2 5 0 1 0 0 0 3000 3 15 15 13
2 6 1 0 0 1 0 3000 1 13 13 15
2 7 0 0 0 0 1 1408 2 13 13 13
2 8 0 1 0 0 0 3000 3 4 4 13
2 9 0 1 0 0 0 3000 3 9 9 4
2 10 0 1 0 0 0 3000 3 9 9 9
2 11 0 1 0 0 0 3000 3 8 8 9
2 12 1 1 1 0 0 1300 1 9 9 8
2 13 0 1 0 0 0 3000 3 4 4 9
2 14 0 1 0 0 0 3000 2 10 10 4
2 15 1 1 1 0 0 1888 1 4 4 10
2 16 1 0 0 1 0 3000 1 10 10 4
2 17 0 1 0 0 0 3000 3 15 15 10
2 18 0 0 0 0 1 2020 3 15 15 15
2 19 0 1 0 0 0 3000 3 7 7 15
2 20 0 1 0 0 0 3000 3 2 2 7
2 21 0 1 0 0 0 3000 2 12 12 2
2 22 0 1 0 0 0 3000 2 9 9 12
2 23 0 1 0 0 0 3000 2 7 7 9
2 24 1 1 1 0 0 1408 1 9 9 7
2 25 0 1 0 0 0 3000 2 9 9 9
3 1 0 1 0 0 0 3000 3 1 1 9
3 2 0 1 0 0 0 3000 1 2 2 1
3 3 0 1 0 0 0 3000 2 7 7 2
3 4 0 1 0 0 0 3000 3 9 9 7
3 5 0 1 0 0 0 3000 3 13 13 9
3 6 0 1 0 0 0 3000 2 2 2 13
3 7 0 0 0 0 1 1126 3 9 9 2
3 8 0 0 0 0 1 2708 3 13 13 9
3 9 1 1 1 0 0 1077 1 9 9 13
3 10 0 1 0 0 0 3000 2 15 15 9
3 11 0 1 0 0 0 3000 3 11 11 15
3 12 0 1 0 0 0 3000 3 3 3 11
3 13 1 1 1 0 0 1272 1 11 11 3
3 14 0 1 0 0 0 3000 2 11 11 11
3 15 0 1 0 0 0 3000 2 6 6 11
3 16 0 1 0 0 0 3000 3 1 1 6
3 17 1 1 1 0 0 2789 1 6 6 1
3 18 0 1 0 0 0 3000 2 3 3 6
3 19 0 1 0 0 0 3000 2 8 8 3
3 20 0 1 0 0 0 3000 3 14 14 8
3 21 0 1 0 0 0 3000 3 3 3 14
3 22 0 1 0 0 0 3000 3 13 13 3
3 23 0 0 0 0 1 1238 2 13 13 13
3 24 0 1 0 0 0 3000 2 9 9 13
3 25 1 1 1 0 0 1059 1 13 13 9
4 1 0 1 0 0 0 3000 1 8 8 13
4 2 0 1 0 0 0 3000 3 9 9 8
4 3 1 0 0 1 0 3000 1 8 8 9
4 4 0 1 0 0 0 3000 2 5 5 8
4 5 0 1 0 0 0 3000 2 4 4 5
4 6 1 1 1 0 0 1073 1 5 5 4
4 7 0 1 0 0 0 3000 2 8 8 5
4 8 0 1 0 0 0 3000 2 13 13 8
4 9 0 1 0 0 0 3000 3 11 11 13
4 10 0 1 0 0 0 3000 3 4 4 11
4 11 1 1 1 0 0 932 1 11 11 4
4 12 1 0 0 1 0 3000 1 4 4 11
4 13 0 1 0 0 0 3000 2 12 12 4
4 14 0 0 0 0 1 2362 3 13 13 12
4 15 0 1 0 0 0 3000 2 14 14 13
4 16 0 1 0 0 0 3000 2 11 11 14
4 17 1 1 1 0 0 1078 1 14 14 11
4 18 0 1 0 0 0 3000 3 6 6 14
4 19 0 1 0 0 0 3000 3 8 8 6
4 20 0 1 0 0 0 3000 3 3 3 8
4 21 1 0 0 1 0 3000 1 8 8 3
4 22 1 0 0 1 0 3000 1 3 3 8
4 23 0 1 0 0 0 3000 2 12 12 3
4 24 0 1 0 0 0 3000 3 1 1 12
4 25 0 1 0 0 0 3000 3 7 7 1
5 1 0 1 0 0 0 3000 1 3 3 7
5 2 0 1 0 0 0 3000 2 12 12 3
5 3 0 1 0 0 0 3000 2 11 11 12
5 4 0 1 0 0 0 3000 3 1 1 11
5 5 1 1 1 0 0 1696 1 11 11 1
5 6 1 0 0 1 0 3000 1 1 1 11
5 7 0 1 0 0 0 3000 2 2 2 1
5 8 1 1 1 0 0 771 1 1 1 2
5 9 0 1 0 0 0 3000 3 10 10 1
5 10 0 1 0 0 0 3000 2 3 3 10
5 11 0 1 0 0 0 3000 3 2 2 3
5 12 0 1 0 0 0 3000 2 15 15 2
5 13 0 1 0 0 0 3000 2 8 8 15
5 14 0 1 0 0 0 3000 3 7 7 8
5 15 1 0 0 1 0 3000 1 8 8 7
5 16 1 1 1 0 0 1155 1 7 7 8
5 17 0 1 0 0 0 3000 2 11 11 7
5 18 0 1 0 0 0 3000 2 3 3 11
5 19 1 0 0 1 0 3000 1 11 11 3
5 20 0 1 0 0 0 3000 2 9 9 11
5 21 0 1 0 0 0 3000 2 15 15 9
5 22 0 1 0 0 0 3000 3 14 14 15
5 23 1 1 1 0 0 1237 1 15 15 14
5 24 0 1 0 0 0 3000 2 6 6 15
5 25 0 1 0 0 0 3000 2 13 13 6
