1 1 0 1 0 0 0 3000 1 12 12 0
1 2 0 1 0 0 0 3000 2 10 10 12
1 3 1 0 0 1 0 3000 1 12 12 10
1 4 0 0 0 0 1 718 3 15 15 12
1 5 1 1 1 0 0 597 1 12 12 15
1 6 0 1 0 0 0 3000 2 5 5 12
1 7 0 1 0 0 0 3000 2 1 1 5
1 8 1 1 1 0 0 786 1 5 5 1
1 9 0 1 0 0 0 3000 3 5 5 5
1 10 1 1 1 0 0 1455 1 5 5 5
1 11 0 1 0 0 0 3000 3 11 11 5
1 12 1 1 1 0 0 1166 1 5 5 11
1 13 0 1 0 0 0 3000 3 2 2 5
1 14 0 0 0 0 1 556 2 12 12 2
1 15 0 1 0 0 0 3000 3 5 5 12
1 16 1 1 1 0 0 1186 1 12 12 5
1 17 0 1 0 0 0 3000 3 8 8 12
1 18 0 1 0 0 0 3000 3 13 13 8
1 19 1 1 1 0 0 670 1 8 8 13
1 20 0 1 0 0 0 3000 2 15 15 8
1 21 0 1 0 0 0 3000 3 11 11 15
1 22 1 1 1 0 0 1218 1 15 15 11
1 23 1 1 1 0 0 612 1 11 11 15
1 24 1 1 1 0 0 907 1 15 15 11
1 25 0 1 0 0 0 3000 3 4 4 15
2 1 0 1 0 0 0 3000 3 5 5 4
2 2 0 1 0 0 0 3000 1 3 3 5
2 3 1 1 1 0 0 634 1 5 5 3
2 4 1 1 1 0 0 438 1 3 3 5
2 5 1 1 1 0 0 494 1 5 5 3
2 6 0 1 0 0 0 3000 3 10 10 5
2 7 0 1 0 0 0 3000 3 12 12 10
2 8 1 1 1 0 0 321 1 10 10 12
2 9 0 1 0 0 0 3000 3 9 9 10
2 10 0 0 0 0 1 548 3 9 9 9
2 11 0 1 0 0 0 3000 2 7 7 9
2 12 0 1 0 0 0 3000 3 11 11 7
2 13 1 1 1 0 0 385 1 7 7 11
2 14 0 1 0 0 0 3000 3 7 7 7
2 15 1 1 1 0 0 695 1 7 7 7
2 16 0 1 0 0 0 3000 3 10 10 7
2 17 0 1 0 0 0 3000 3 2 2 10
2 18 0 1 0 0 0 3000 2 6 6 2
2 19 0 1 0 0 0 3000 3 8 8 6
2 20 0 1 0 0 0 3000 3 8 8 8
2 21 1 1 1 0 0 450 1 8 8 8
2 22 0 1 0 0 0 3000 3 2 2 8
2 23 0 0 0 0 1 609 2 6 6 2
2 24 1 1 1 0 0 999 1 2 2 6
2 25 1 0 0 1 0 3000 1 6 6 2
3 1 0 1 0 0 0 3000 3 5 5 6
3 2 0 1 0 0 0 3000 1 14 14 5
3 3 0 1 0 0 0 3000 3 13 13 14
3 4 1 1 1 0 0 371 1 14 14 13
3 5 0 1 0 0 0 3000 2 5 5 14
3 6 0 1 0 0 0 3000 2 11 11 5
3 7 0 1 0 0 0 3000 3 14 14 11
3 8 1 1 1 0 0 390 1 11 11 14
3 9 0 1 0 0 0 3000 2 15 15 11
3 10 1 1 1 0 0 442 1 11 11 15
3 11 1 1 1 0 0 670 1 15 15 11
3 12 0 1 0 0 0 3000 2 12 12 15
3 13 0 1 0 0 0 3000 3 8 8 12
3 14 0 1 0 0 0 3000 2 5 5 8
3 15 0 0 0 0 1 561 2 14 14 5
3 16 0 1 0 0 0 3000 2 8 8 14
3 17 0 0 0 0 1 1159 3 8 8 8
3 18 0 1 0 0 0 3000 2 12 12 8
3 19 1 1 1 0 0 525 1 8 8 12
3 20 0 1 0 0 0 3000 2 15 15 8
3 21 1 1 1 0 0 875 1 8 8 15
3 22 1 1 1 0 0 786 1 15 15 8
3 23 0 1 0 0 0 3000 3 6 6 15
3 24 1 0 0 1 0 3000 1 15 15 6
3 25 0 1 0 0 0 3000 2 2 2 15
4 1 0 1 0 0 0 3000 3 11 11 2
4 2 0 1 0 0 0 3000 3 1 1 11
4 3 0 1 0 0 0 3000 2 14 14 1
4 4 1 1 1 0 0 518 1 1 1 14
4 5 0 1 0 0 0 3000 3 8 8 1
4 6 0 1 0 0 0 3000 3 12 12 8
4 7 0 1 0 0 0 3000 3 5 5 12
4 8 1 1 1 0 0 674 1 12 12 5
4 9 0 1 0 0 0 3000 3 3 3 12
4 10 1 1 1 0 0 417 1 12 12 3
4 11 1 1 1 0 0 994 1 3 3 12
4 12 1 1 1 0 0 586 1 12 12 3
4 13 1 1 1 0 0 577 1 3 3 12
4 14 0 1 0 0 0 3000 2 14 14 3
4 15 1 0 0 1 0 3000 1 3 3 14
4 16 0 0 0 0 1 885 2 12 12 3
4 17 0 1 0 0 0 3000 2 4 4 12
4 18 1 1 1 0 0 1133 1 12 12 4
4 19 0 1 0 0 0 3000 3 8 8 12
4 20 0 1 0 0 0 3000 2 11 11 8
4 21 0 1 0 0 0 3000 2 5 5 11
4 22 0 1 0 0 0 3000 2 13 13 5
4 23 0 1 0 0 0 3000 2 12 12 13
4 24 0 1 0 0 0 3000 3 15 15 12
4 25 1 1 1 0 0 1437 1 12 12 15
5 1 0 1 0 0 0 3000 2 10 10 12
5 2 0 1 0 0 0 3000 1 6 6 10
5 3 1 1 1 0 0 468 1 10 10 6
5 4 1 1 1 0 0 411 1 6 6 10
5 5 0 1 0 0 0 3000 3 14 14 6
5 6 0 1 0 0 0 3000 3 13 13 14
5 7 1 1 1 0 0 1414 1 14 14 13
5 8 0 1 0 0 0 3000 2 11 11 14
5 9 0 0 0 0 1 699 3 11 11 11
5 10 0 1 0 0 0 3000 2 13 13 11
5 11 0 1 0 0 0 3000 3 7 7 13
5 12 1 1 1 0 0 384 1 13 13 7
5 13 0 1 0 0 0 3000 3 11 11 13
5 14 0 1 0 0 0 3000 3 1 1 11
5 15 1 1 1 0 0 323 1 11 11 1
5 16 0 0 0 0 1 1346 3 11 11 11
5 17 0 1 0 0 0 3000 3 15 15 11
5 18 1 1 1 0 0 432 1 11 11 15
5 19 1 1 1 0 0 799 1 15 15 11
5 20 1 1 1 0 0 792 1 11 11 15
5 21 0 1 0 0 0 3000 2 4 4 11
5 22 0 1 0 0 0 3000 3 5 5 4
5 23 0 1 0 0 0 3000 3 10 10 5
5 24 1 1 1 0 0 570 1 5 5 10
5 25 0 1 0 0 0 3000 2 3 3 5
