1 1 0 1 0 0 0 3000 3 4 4 0
1 2 0 1 0 0 0 3000 2 13 13 4
1 3 0 1 0 0 0 3000 3 8 8 13
1 4 0 1 0 0 0 3000 3 3 3 8
1 5 0 1 0 0 0 3000 3 14 14 3
1 6 0 1 0 0 0 3000 2 9 9 14
1 7 0 0 0 0 1 661 3 13 13 9
1 8 0 1 0 0 0 3000 2 15 15 13
1 9 0 0 0 0 1 657 3 14 14 15
1 10 0 1 0 0 0 3000 3 10 10 14
1 11 0 1 0 0 0 3000 2 12 12 10
1 12 1 1 1 0 0 288 1 10 10 12
1 13 1 0 0 1 0 3000 1 12 12 10
1 14 1 1 1 0 0 344 1 10 10 12
1 15 1 0 0 1 0 3000 1 12 12 10
1 16 1 0 0 1 0 3000 1 10 10 12
1 17 0 0 0 0 1 438 2 10 10 10
1 18 0 0 0 0 1 702 3 13 13 10
1 19 0 1 0 0 0 3000 2 15 15 13
1 20 0 1 0 0 0 3000 3 8 8 15
1 21 0 1 0 0 0 3000 2 9 9 8
1 22 0 0 0 0 1 585 3 10 10 9
1 23 0 1 0 0 0 3000 3 1 1 10
1 24 0 1 0 0 0 3000 2 11 11 1
1 25 0 1 0 0 0 3000 2 15 15 11
2 1 0 1 0 0 0 3000 1 6 6 15
2 2 0 1 0 0 0 3000 3 11 11 6
2 3 0 1 0 0 0 3000 2 3 3 11
2 4 0 1 0 0 0 3000 3 2 2 3
2 5 1 0 0 1 0 3000 1 3 3 2
2 6 1 0 0 1 0 3000 1 2 2 3
2 7 1 0 0 1 0 3000 1 3 3 2
2 8 0 1 0 0 0 3000 2 7 7 3
2 9 0 1 0 0 0 3000 3 5 5 7
2 10 0 1 0 0 0 3000 3 14 14 5
2 11 0 1 0 0 0 3000 2 12 12 14
2 12 1 1 1 0 0 679 1 14 14 12
2 13 0 1 0 0 0 3000 3 13 13 14
2 14 0 1 0 0 0 3000 3 11 11 13
2 15 0 1 0 0 0 3000 2 1 1 11
2 16 1 1 1 0 0 651 1 11 11 1
2 17 0 1 0 0 0 3000 3 14 14 11
2 18 1 0 0 1 0 3000 1 11 11 14
2 19 0 0 0 0 1 519 2 6 6 11
2 20 1 0 0 1 0 3000 1 11 11 6
2 21 0 1 0 0 0 3000 2 5 5 11
2 22 1 0 0 1 0 3000 1 11 11 5
2 23 0 1 0 0 0 3000 3 1 1 11
2 24 1 1 1 0 0 458 1 11 11 1
2 25 0 1 0 0 0 3000 3 13 13 11
3 1 0 1 0 0 0 3000 1 15 15 13
3 2 0 1 0 0 0 3000 2 15 15 15
3 3 0 1 0 0 0 3000 3 9 9 15
3 4 0 1 0 0 0 3000 2 5 5 9
3 5 0 0 0 0 1 599 3 5 5 5
3 6 0 1 0 0 0 3000 3 6 6 5
3 7 1 1 1 0 0 774 1 5 5 6
3 8 0 1 0 0 0 3000 2 15 15 5
3 9 0 0 0 0 1 733 2 6 6 15
3 10 0 1 0 0 0 3000 2 11 11 6
3 11 0 1 0 0 0 3000 3 9 9 11
3 12 1 0 0 1 0 3000 1 11 11 9
3 13 1 0 0 1 0 3000 1 9 9 11
3 14 0 1 0 0 0 3000 2 14 14 9
3 15 0 1 0 0 0 3000 2 14 14 14
3 16 0 1 0 0 0 3000 2 8 8 14
3 17 0 1 0 0 0 3000 3 5 5 8
3 18 0 1 0 0 0 3000 2 7 7 5
3 19 0 1 0 0 0 3000 2 1 1 7
3 20 1 0 0 1 0 3000 1 7 7 1
3 21 1 1 1 0 0 615 1 1 1 7
3 22 0 1 0 0 0 3000 2 5 5 1
3 23 0 0 0 0 1 491 3 12 12 5
3 24 1 1 1 0 0 2137 1 5 5 12
3 25 0 1 0 0 0 3000 2 13 13 5
4 1 0 1 0 0 0 3000 2 15 15 13
4 2 0 1 0 0 0 3000 3 1 1 15
4 3 0 1 0 0 0 3000 3 8 8 1
4 4 0 1 0 0 0 3000 2 13 13 8
4 5 0 1 0 0 0 3000 3 4 4 13
4 6 1 0 0 1 0 3000 1 13 13 4
4 7 1 0 0 1 0 3000 1 4 4 13
4 8 1 1 1 0 0 717 1 13 13 4
4 9 0 1 0 0 0 3000 3 3 3 13
4 10 0 0 0 0 1 402 3 4 4 3
4 11 0 1 0 0 0 3000 3 6 6 4
4 12 1 1 1 0 0 1570 1 4 4 6
4 13 1 0 0 1 0 3000 1 6 6 4
4 14 1 0 0 1 0 3000 1 4 4 6
4 15 0 1 0 0 0 3000 3 3 3 4
4 16 0 1 0 0 0 3000 2 7 7 3
4 17 1 1 1 0 0 339 1 3 3 7
4 18 0 1 0 0 0 3000 3 1 1 3
4 19 0 1 0 0 0 3000 3 15 15 1
4 20 0 1 0 0 0 3000 3 14 14 15
4 21 1 1 1 0 0 382 1 15 15 14
4 22 0 1 0 0 0 3000 3 2 2 15
4 23 1 0 0 1 0 3000 1 15 15 2
4 24 0 1 0 0 0 3000 2 13 13 15
4 25 0 1 0 0 0 3000 2 11 11 13
5 1 0 1 0 0 0 3000 3 4 4 11
5 2 0 1 0 0 0 3000 3 3 3 4
5 3 0 1 0 0 0 3000 2 1 1 3
5 4 1 0 0 1 0 3000 1 3 3 1
5 5 0 1 0 0 0 3000 2 6 6 3
5 6 0 1 0 0 0 3000 3 1 1 6
5 7 0 1 0 0 0 3000 3 14 14 1
5 8 0 0 0 0 1 681 2 4 4 14
5 9 1 0 0 1 0 3000 1 14 14 4
5 10 1 0 0 1 0 3000 1 4 4 14
5 11 0 1 0 0 0 3000 2 12 12 4
5 12 0 1 0 0 0 3000 3 15 15 12
5 13 0 1 0 0 0 3000 2 10 10 15
5 14 0 0 0 0 1 812 3 4 4 10
5 15 1 0 0 1 0 3000 1 10 10 4
5 16 1 1 1 0 0 642 1 4 4 10
5 17 0 0 0 0 1 1394 2 14 14 4
5 18 0 0 0 0 1 1090 2 3 3 14
5 19 1 1 1 0 0 2090 1 14 14 3
5 20 1 1 1 0 0 1186 1 3 3 14
5 21 0 0 0 0 1 977 3 11 11 3
5 22 0 0 0 0 1 1247 2 6 6 11
5 23 0 1 0 0 0 3000 2 2 2 6
5 24 0 0 0 0 1 2324 3 12 12 2
5 25 0 0 0 0 1 2372 2 4 4 12
