1 1 0 1 0 0 0 3000 2 14 14 0
1 2 0 1 0 0 0 3000 1 8 8 14
1 3 1 0 0 1 0 3000 1 14 14 8
1 4 1 1 1 0 0 533 1 8 8 14
1 5 0 1 0 0 0 3000 3 8 8 8
1 6 0 1 0 0 0 3000 2 5 5 8
1 7 0 1 0 0 0 3000 3 7 7 5
1 8 0 1 0 0 0 3000 2 12 12 7
1 9 1 1 1 0 0 535 1 7 7 12
1 10 0 1 0 0 0 3000 3 8 8 7
1 11 0 1 0 0 0 3000 3 13 13 8
1 12 0 1 0 0 0 3000 2 3 3 13
1 13 1 1 1 0 0 387 1 13 13 3
1 14 0 1 0 0 0 3000 2 1 1 13
1 15 0 1 0 0 0 3000 3 10 10 1
1 16 1 0 0 1 0 3000 1 1 1 10
1 17 0 1 0 0 0 3000 2 15 15 1
1 18 1 1 1 0 0 490 1 1 1 15
1 19 0 1 0 0 0 3000 2 10 10 1
1 20 1 0 0 1 0 3000 1 1 1 10
1 21 0 1 0 0 0 3000 3 8 8 1
1 22 1 1 1 0 0 338 1 1 1 8
1 23 0 1 0 0 0 3000 3 7 7 1
1 24 0 0 0 0 1 457 2 7 7 7
1 25 1 0 0 1 0 3000 1 7 7 7
2 1 0 1 0 0 0 3000 2 11 11 7
2 2 0 1 0 0 0 3000 2 15 15 11
2 3 0 1 0 0 0 3000 2 7 7 15
2 4 0 1 0 0 0 3000 3 5 5 7
2 5 0 1 0 0 0 3000 3 8 8 5
2 6 0 1 0 0 0 3000 3 3 3 8
2 7 1 1 1 0 0 511 1 8 8 3
2 8 0 1 0 0 0 3000 3 13 13 8
2 9 1 0 0 1 0 3000 1 8 8 13
2 10 0 1 0 0 0 3000 2 5 5 8
2 11 0 1 0 0 0 3000 3 14 14 5
2 12 1 1 1 0 0 382 1 5 5 14
2 13 0 1 0 0 0 3000 3 8 8 5
2 14 0 0 0 0 1 622 2 8 8 8
2 15 1 0 0 1 0 3000 1 8 8 8
2 16 1 1 1 0 0 1052 1 8 8 8
2 17 0 1 0 0 0 3000 2 3 3 8
2 18 0 1 0 0 0 3000 2 13 13 3
2 19 1 1 1 0 0 379 1 3 3 13
2 20 1 0 0 1 0 3000 1 13 13 3
2 21 1 1 1 0 0 631 1 3 3 13
2 22 0 1 0 0 0 3000 3 14 14 3
2 23 0 1 0 0 0 3000 2 14 14 14
2 24 0 1 0 0 0 3000 3 2 2 14
2 25 0 0 0 0 1 554 3 2 2 2
3 1 0 1 0 0 0 3000 2 13 13 2
3 2 0 1 0 0 0 3000 1 7 7 13
3 3 1 1 1 0 0 409 1 13 13 7
3 4 0 1 0 0 0 3000 3 13 13 13
3 5 1 1 1 0 0 535 1 13 13 13
3 6 1 0 0 1 0 3000 1 13 13 13
3 7 0 1 0 0 0 3000 3 11 11 13
3 8 1 1 1 0 0 474 1 13 13 11
3 9 0 1 0 0 0 3000 3 5 5 13
3 10 0 1 0 0 0 3000 2 7 7 5
3 11 0 1 0 0 0 3000 3 6 6 7
3 12 0 1 0 0 0 3000 2 15 15 6
3 13 0 1 0 0 0 3000 3 1 1 15
3 14 1 1 1 0 0 416 1 15 15 1
3 15 0 1 0 0 0 3000 3 15 15 15
3 16 0 1 0 0 0 3000 3 10 10 15
3 17 0 0 0 0 1 597 2 14 14 10
3 18 0 1 0 0 0 3000 2 11 11 14
3 19 0 0 0 0 1 819 2 13 13 11
3 20 1 0 0 1 0 3000 1 11 11 13
3 21 1 0 0 1 0 3000 1 13 13 11
3 22 1 1 1 0 0 410 1 11 11 13
3 23 1 1 1 0 0 666 1 13 13 11
3 24 1 0 0 1 0 3000 1 11 11 13
3 25 0 1 0 0 0 3000 2 15 15 11
4 1 0 1 0 0 0 3000 3 12 12 15
4 2 0 1 0 0 0 3000 2 11 11 12
4 3 0 1 0 0 0 3000 3 3 3 11
4 4 0 1 0 0 0 3000 3 14 14 3
4 5 0 0 0 0 1 432 3 14 14 14
4 6 0 1 0 0 0 3000 3 8 8 14
4 7 1 1 1 0 0 383 1 14 14 8
4 8 0 1 0 0 0 3000 3 2 2 14
4 9 0 1 0 0 0 3000 3 5 5 2
4 10 1 1 1 0 0 508 1 2 2 5
4 11 0 1 0 0 0 3000 3 10 10 2
4 12 1 1 1 0 0 585 1 2 2 10
4 13 1 1 1 0 0 1084 1 10 10 2
4 14 0 1 0 0 0 3000 3 9 9 10
4 15 0 0 0 0 1 534 3 5 5 9
4 16 0 1 0 0 0 3000 2 7 7 5
4 17 1 1 1 0 0 501 1 5 5 7
4 18 1 0 0 1 0 3000 1 7 7 5
4 19 0 0 0 0 1 406 2 10 10 7
4 20 0 1 0 0 0 3000 3 13 13 10
4 21 1 1 1 0 0 414 1 10 10 13
4 22 0 1 0 0 0 3000 2 11 11 10
4 23 0 1 0 0 0 3000 2 11 11 11
4 24 1 1 1 0 0 491 1 11 11 11
4 25 1 1 1 0 0 848 1 11 11 11
5 1 0 1 0 0 0 3000 3 15 15 11
5 2 0 1 0 0 0 3000 3 1 1 15
5 3 0 1 0 0 0 3000 2 14 14 1
5 4 1 1 1 0 0 316 1 1 1 14
5 5 1 1 1 0 0 541 1 14 14 1
5 6 0 0 0 0 1 563 2 5 5 14
5 7 0 1 0 0 0 3000 2 1 1 5
5 8 0 1 0 0 0 3000 2 8 8 1
5 9 0 1 0 0 0 3000 2 15 15 8
5 10 1 1 1 0 0 438 1 8 8 15
5 11 1 1 1 0 0 485 1 15 15 8
5 12 0 1 0 0 0 3000 2 10 10 15
5 13 0 1 0 0 0 3000 2 2 2 10
5 14 1 1 1 0 0 479 1 10 10 2
5 15 1 0 0 1 0 3000 1 2 2 10
5 16 0 1 0 0 0 3000 2 8 8 2
5 17 0 1 0 0 0 3000 2 4 4 8
5 18 0 1 0 0 0 3000 3 13 13 4
5 19 0 1 0 0 0 3000 3 6 6 13
5 20 0 1 0 0 0 3000 2 10 10 6
5 21 0 1 0 0 0 3000 2 3 3 10
5 22 0 0 0 0 1 474 3 3 3 3
5 23 0 1 0 0 0 3000 3 1 1 3
5 24 0 1 0 0 0 3000 3 11 11 1
5 25 1 1 1 0 0 450 1 1 1 11
