1 1 0 1 0 0 0 3000 3 5 5 0
1 2 0 1 0 0 0 3000 3 9 9 5
1 3 0 1 0 0 0 3000 2 8 8 9
1 4 1 0 0 1 0 3000 1 9 9 8
1 5 0 1 0 0 0 3000 3 15 15 9
1 6 0 1 0 0 0 3000 3 3 3 15
1 7 1 0 0 1 0 3000 1 15 15 3
1 8 0 1 0 0 0 3000 2 1 1 15
1 9 0 0 0 0 1 470 2 5 5 1
1 10 0 1 0 0 0 3000 3 4 4 5
1 11 0 1 0 0 0 3000 3 4 4 4
1 12 0 1 0 0 0 3000 2 2 2 4
1 13 1 1 1 0 0 608 1 4 4 2
1 14 0 0 0 0 1 1005 2 4 4 4
1 15 0 1 0 0 0 3000 2 11 11 4
1 16 0 1 0 0 0 3000 2 14 14 11
1 17 0 1 0 0 0 3000 2 2 2 14
1 18 0 1 0 0 0 3000 3 13 13 2
1 19 0 1 0 0 0 3000 2 6 6 13
1 20 0 0 0 0 1 1239 3 6 6 6
1 21 1 1 1 0 0 871 1 6 6 6
1 22 1 0 0 1 0 3000 1 6 6 6
1 23 0 1 0 0 0 3000 2 9 9 6
1 24 0 1 0 0 0 3000 3 14 14 9
1 25 0 1 0 0 0 3000 2 10 10 14
2 1 0 1 0 0 0 3000 2 5 5 10
2 2 0 1 0 0 0 3000 1 1 1 5
2 3 0 1 0 0 0 3000 2 6 6 1
2 4 0 1 0 0 0 3000 3 12 12 6
2 5 0 1 0 0 0 3000 3 15 15 12
2 6 0 1 0 0 0 3000 3 8 8 15
2 7 0 1 0 0 0 3000 2 2 2 8
2 8 0 1 0 0 0 3000 3 5 5 2
2 9 1 0 0 1 0 3000 1 2 2 5
2 10 0 1 0 0 0 3000 3 13 13 2
2 11 0 1 0 0 0 3000 3 7 7 13
2 12 1 1 1 0 0 945 1 13 13 7
2 13 0 1 0 0 0 3000 3 10 10 13
2 14 0 1 0 0 0 3000 3 3 3 10
2 15 1 1 1 0 0 607 1 10 10 3
2 16 1 1 1 0 0 661 1 3 3 10
2 17 0 1 0 0 0 3000 3 15 15 3
2 18 1 1 1 0 0 485 1 3 3 15
2 19 1 0 0 1 0 3000 1 15 15 3
2 20 0 1 0 0 0 3000 3 7 7 15
2 21 0 1 0 0 0 3000 3 11 11 7
2 22 0 1 0 0 0 3000 3 15 15 11
2 23 0 1 0 0 0 3000 3 3 3 15
2 24 0 1 0 0 0 3000 2 9 9 3
2 25 0 1 0 0 0 3000 2 4 4 9
3 1 0 1 0 0 0 3000 1 13 13 4
3 2 0 1 0 0 0 3000 1 12 12 13
3 3 0 1 0 0 0 3000 3 5 5 12
3 4 1 1 1 0 0 406 1 12 12 5
3 5 0 1 0 0 0 3000 2 7 7 12
3 6 0 1 0 0 0 3000 2 3 3 7
3 7 1 0 0 1 0 3000 1 7 7 3
3 8 0 0 0 0 1 881 3 2 2 7
3 9 0 0 0 0 1 673 2 3 3 2
3 10 1 1 1 0 0 951 1 2 2 3
3 11 0 1 0 0 0 3000 3 10 10 2
3 12 0 1 0 0 0 3000 2 4 4 10
3 13 0 1 0 0 0 3000 2 7 7 4
3 14 0 1 0 0 0 3000 3 3 3 7
3 15 1 1 1 0 0 368 1 7 7 3
3 16 0 1 0 0 0 3000 2 12 12 7
3 17 0 1 0 0 0 3000 3 8 8 12
3 18 0 1 0 0 0 3000 3 7 7 8
3 19 1 1 1 0 0 500 1 8 8 7
3 20 0 1 0 0 0 3000 2 9 9 8
3 21 0 1 0 0 0 3000 3 2 2 9
3 22 0 1 0 0 0 3000 3 5 5 2
3 23 1 1 1 0 0 670 1 2 2 5
3 24 1 1 1 0 0 708 1 5 5 2
3 25 0 1 0 0 0 3000 2 6 6 5
4 1 0 1 0 0 0 3000 3 9 9 6
4 2 0 1 0 0 0 3000 2 12 12 9
4 3 1 1 1 0 0 420 1 9 9 12
4 4 1 1 1 0 0 829 1 12 12 9
4 5 0 1 0 0 0 3000 2 5 5 12
4 6 0 1 0 0 0 3000 3 6 6 5
4 7 0 1 0 0 0 3000 3 7 7 6
4 8 0 1 0 0 0 3000 2 10 10 7
4 9 0 1 0 0 0 3000 3 13 13 10
4 10 0 1 0 0 0 3000 3 9 9 13
4 11 1 1 1 0 0 599 1 13 13 9
4 12 1 0 0 1 0 3000 1 9 9 13
4 13 0 1 0 0 0 3000 3 3 3 9
4 14 0 1 0 0 0 3000 2 4 4 3
4 15 1 1 1 0 0 346 1 3 3 4
4 16 0 1 0 0 0 3000 2 10 10 3
4 17 0 1 0 0 0 3000 2 13 13 10
4 18 1 1 1 0 0 396 1 10 10 13
4 19 0 1 0 0 0 3000 3 14 14 10
4 20 0 1 0 0 0 3000 3 3 3 14
4 21 1 1 1 0 0 530 1 14 14 3
4 22 0 1 0 0 0 3000 2 13 13 14
4 23 1 1 1 0 0 464 1 14 14 13
4 24 0 1 0 0 0 3000 2 14 14 14
4 25 1 1 1 0 0 1652 1 14 14 14
5 1 0 1 0 0 0 3000 3 5 5 14
5 2 0 1 0 0 0 3000 3 10 10 5
5 3 1 1 1 0 0 343 1 5 5 10
5 4 0 1 0 0 0 3000 3 6 6 5
5 5 1 1 1 0 0 420 1 5 5 6
5 6 0 1 0 0 0 3000 3 9 9 5
5 7 0 1 0 0 0 3000 3 12 12 9
5 8 1 1 1 0 0 354 1 9 9 12
5 9 1 1 1 0 0 607 1 12 12 9
5 10 1 1 1 0 0 499 1 9 9 12
5 11 0 1 0 0 0 3000 2 10 10 9
5 12 1 1 1 0 0 474 1 9 9 10
5 13 0 1 0 0 0 3000 3 7 7 9
5 14 1 1 1 0 0 396 1 9 9 7
5 15 0 1 0 0 0 3000 3 6 6 9
5 16 0 0 0 0 1 576 3 7 7 6
5 17 0 1 0 0 0 3000 3 13 13 7
5 18 0 1 0 0 0 3000 3 2 2 13
5 19 0 0 0 0 1 589 3 6 6 2
5 20 0 0 0 0 1 758 2 13 13 6
5 21 0 1 0 0 0 3000 2 15 15 13
5 22 0 0 0 0 1 731 3 3 3 15
5 23 0 1 0 0 0 3000 2 8 8 3
5 24 1 1 1 0 0 393 1 3 3 8
5 25 0 1 0 0 0 3000 3 7 7 3
