1 1 0 1 0 0 0 3000 3 3 3 0
1 2 0 1 0 0 0 3000 3 2 2 3
1 3 0 1 0 0 0 3000 2 5 5 2
1 4 0 1 0 0 0 3000 3 15 15 5
1 5 0 1 0 0 0 3000 3 2 2 15
1 6 1 0 0 1 0 3000 1 15 15 2
1 7 0 1 0 0 0 3000 3 14 14 15
1 8 0 1 0 0 0 3000 3 4 4 14
1 9 1 1 1 0 0 1130 1 14 14 4
1 10 1 0 0 1 0 3000 1 4 4 14
1 11 0 1 0 0 0 3000 2 11 11 4
1 12 0 1 0 0 0 3000 3 9 9 11
1 13 0 1 0 0 0 3000 3 10 10 9
1 14 0 0 0 0 1 1638 2 11 11 10
1 15 0 1 0 0 0 3000 2 8 8 11
1 16 0 1 0 0 0 3000 3 13 13 8
1 17 0 1 0 0 0 3000 3 12 12 13
1 18 0 1 0 0 0 3000 2 9 9 12
1 19 0 1 0 0 0 3000 2 5 5 9
1 20 1 1 1 0 0 1336 1 9 9 5
1 21 0 1 0 0 0 3000 2 3 3 9
1 22 0 1 0 0 0 3000 3 3 3 3
1 23 1 1 1 0 0 901 1 3 3 3
1 24 0 1 0 0 0 3000 3 15 15 3
1 25 0 1 0 0 0 3000 2 5 5 15
2 1 0 1 0 0 0 3000 1 6 6 5
2 2 0 1 0 0 0 3000 2 13 13 6
2 3 0 1 0 0 0 3000 2 5 5 13
2 4 0 1 0 0 0 3000 2 4 4 5
2 5 0 1 0 0 0 3000 3 4 4 4
2 6 1 1 1 0 0 1259 1 4 4 4
2 7 1 0 0 1 0 3000 1 4 4 4
2 8 1 0 0 1 0 3000 1 4 4 4
2 9 1 1 1 0 0 529 1 4 4 4
2 10 1 0 0 1 0 3000 1 4 4 4
2 11 0 1 0 0 0 3000 2 13 13 4
2 12 0 1 0 0 0 3000 3 1 1 13
2 13 1 1 1 0 0 1628 1 13 13 1
2 14 0 1 0 0 0 3000 2 5 5 13
2 15 0 1 0 0 0 3000 2 6 6 5
2 16 0 1 0 0 0 3000 3 4 4 6
2 17 1 1 1 0 0 984 1 6 6 4
2 18 0 1 0 0 0 3000 2 6 6 6
2 19 0 1 0 0 0 3000 2 5 5 6
2 20 0 1 0 0 0 3000 2 14 14 5
2 21 0 1 0 0 0 3000 2 15 15 14
2 22 0 1 0 0 0 3000 2 3 3 15
2 23 0 1 0 0 0 3000 2 6 6 3
2 24 1 0 0 1 0 3000 1 3 3 6
2 25 1 0 0 1 0 3000 1 6 6 3
3 1 0 1 0 0 0 3000 1 11 11 6
3 2 0 1 0 0 0 3000 3 8 8 11
3 3 0 1 0 0 0 3000 3 3 3 8
3 4 1 1 1 0 0 918 1 8 8 3
3 5 0 1 0 0 0 3000 2 15 15 8
3 6 1 0 0 1 0 3000 1 8 8 15
3 7 1 1 1 0 0 1100 1 15 15 8
3 8 0 1 0 0 0 3000 2 12 12 15
3 9 0 1 0 0 0 3000 3 11 11 12
3 10 0 1 0 0 0 3000 2 2 2 11
3 11 0 1 0 0 0 3000 3 4 4 2
3 12 0 1 0 0 0 3000 2 6 6 4
3 13 0 1 0 0 0 3000 3 13 13 6
3 14 0 0 0 0 1 684 3 4 4 13
3 15 0 1 0 0 0 3000 2 15 15 4
3 16 0 1 0 0 0 3000 3 7 7 15
3 17 1 1 1 0 0 937 1 15 15 7
3 18 0 1 0 0 0 3000 2 9 9 15
3 19 0 1 0 0 0 3000 2 12 12 9
3 20 1 1 1 0 0 966 1 9 9 12
3 21 0 1 0 0 0 3000 2 9 9 9
3 22 0 1 0 0 0 3000 3 14 14 9
3 23 1 1 1 0 0 1651 1 9 9 14
3 24 1 0 0 1 0 3000 1 14 14 9
3 25 1 0 0 1 0 3000 1 9 9 14
4 1 0 1 0 0 0 3000 1 1 1 9
4 2 0 1 0 0 0 3000 3 2 2 1
4 3 0 1 0 0 0 3000 3 12 12 2
4 4 1 1 1 0 0 1024 1 2 2 12
4 5 0 1 0 0 0 3000 2 11 11 2
4 6 1 0 0 1 0 3000 1 2 2 11
4 7 1 1 1 0 0 1221 1 11 11 2
4 8 0 1 0 0 0 3000 2 11 11 11
4 9 0 1 0 0 0 3000 3 3 3 11
4 10 0 1 0 0 0 3000 3 7 7 3
4 11 0 1 0 0 0 3000 2 8 8 7
4 12 0 1 0 0 0 3000 3 3 3 8
4 13 1 1 1 0 0 1766 1 8 8 3
4 14 0 1 0 0 0 3000 2 15 15 8
4 15 1 0 0 1 0 3000 1 8 8 15
4 16 0 1 0 0 0 3000 2 2 2 8
4 17 0 1 0 0 0 3000 2 12 12 2
4 18 0 1 0 0 0 3000 2 9 9 12
4 19 1 1 1 0 0 728 1 12 12 9
4 20 0 1 0 0 0 3000 3 15 15 12
4 21 1 0 0 1 0 3000 1 12 12 15
4 22 1 1 1 0 0 868 1 15 15 12
4 23 1 0 0 1 0 3000 1 12 12 15
4 24 0 1 0 0 0 3000 2 12 12 12
4 25 1 1 1 0 0 962 1 12 12 12
5 1 0 1 0 0 0 3000 2 7 7 12
5 2 0 1 0 0 0 3000 3 8 8 7
5 3 0 1 0 0 0 3000 2 8 8 8
5 4 0 1 0 0 0 3000 3 11 11 8
5 5 0 1 0 0 0 3000 2 10 10 11
5 6 0 1 0 0 0 3000 3 1 1 10
5 7 0 1 0 0 0 3000 2 6 6 1
5 8 1 1 1 0 0 1017 1 1 1 6
5 9 0 1 0 0 0 3000 3 1 1 1
5 10 0 1 0 0 0 3000 3 11 11 1
5 11 1 1 1 0 0 1070 1 1 1 11
5 12 1 0 0 1 0 3000 1 11 11 1
5 13 1 0 0 1 0 3000 1 1 1 11
5 14 0 1 0 0 0 3000 2 8 8 1
5 15 0 1 0 0 0 3000 2 7 7 8
5 16 1 1 1 0 0 577 1 8 8 7
5 17 1 0 0 1 0 3000 1 7 7 8
5 18 0 1 0 0 0 3000 2 11 11 7
5 19 1 1 1 0 0 533 1 7 7 11
5 20 0 1 0 0 0 3000 3 9 9 7
5 21 0 1 0 0 0 3000 3 2 2 9
5 22 1 1 1 0 0 702 1 9 9 2
5 23 0 1 0 0 0 3000 3 1 1 9
5 24 0 1 0 0 0 3000 3 14 14 1
5 25 0 1 0 0 0 3000 2 3 3 14
