1 1 0 1 0 0 0 3000 1 1 1 0
1 2 0 1 0 0 0 3000 2 14 14 1
1 3 0 1 0 0 0 3000 2 6 6 14
1 4 0 1 0 0 0 3000 3 9 9 6
1 5 0 1 0 0 0 3000 3 4 4 9
1 6 0 1 0 0 0 3000 3 8 8 4
1 7 0 1 0 0 0 3000 3 12 12 8
1 8 0 1 0 0 0 3000 3 4 4 12
1 9 1 1 1 0 0 903 1 12 12 4
1 10 0 1 0 0 0 3000 2 14 14 12
1 11 0 1 0 0 0 3000 3 9 9 14
1 12 0 1 0 0 0 3000 3 10 10 9
1 13 0 1 0 0 0 3000 2 15 15 10
1 14 0 1 0 0 0 3000 2 3 3 15
1 15 0 1 0 0 0 3000 3 2 2 3
1 16 0 1 0 0 0 3000 2 13 13 2
1 17 0 1 0 0 0 3000 3 8 8 13
1 18 1 1 1 0 0 661 1 13 13 8
1 19 0 1 0 0 0 3000 2 15 15 13
1 20 1 0 0 1 0 3000 1 13 13 15
1 21 0 1 0 0 0 3000 3 6 6 13
1 22 0 1 0 0 0 3000 3 14 14 6
1 23 0 1 0 0 0 3000 2 3 3 14
1 24 0 1 0 0 0 3000 2 11 11 3
1 25 0 1 0 0 0 3000 2 5 5 11
2 1 0 1 0 0 0 3000 2 13 13 5
2 2 0 1 0 0 0 3000 2 2 2 13
2 3 1 1 1 0 0 613 1 13 13 2
2 4 1 0 0 1 0 3000 1 2 2 13
2 5 0 1 0 0 0 3000 2 14 14 2
2 6 0 1 0 0 0 3000 2 15 15 14
2 7 0 1 0 0 0 3000 3 4 4 15
2 8 0 1 0 0 0 3000 3 9 9 4
2 9 0 1 0 0 0 3000 2 13 13 9
2 10 1 1 1 0 0 600 1 9 9 13
2 11 0 1 0 0 0 3000 2 4 4 9
2 12 1 0 0 1 0 3000 1 9 9 4
2 13 1 1 1 0 0 620 1 4 4 9
2 14 0 1 0 0 0 3000 2 13 13 4
2 15 1 0 0 1 0 3000 1 4 4 13
2 16 1 1 1 0 0 484 1 13 13 4
2 17 0 1 0 0 0 3000 2 15 15 13
2 18 0 1 0 0 0 3000 3 12 12 15
2 19 0 1 0 0 0 3000 2 9 9 12
2 20 1 1 1 0 0 617 1 12 12 9
2 21 0 1 0 0 0 3000 3 5 5 12
2 22 0 1 0 0 0 3000 2 11 11 5
2 23 1 1 1 0 0 405 1 5 5 11
2 24 0 1 0 0 0 3000 3 2 2 5
2 25 1 0 0 1 0 3000 1 5 5 2
3 1 0 1 0 0 0 3000 1 8 8 5
3 2 0 1 0 0 0 3000 3 3 3 8
3 3 1 1 1 0 0 661 1 8 8 3
3 4 0 1 0 0 0 3000 3 6 6 8
3 5 0 1 0 0 0 3000 2 7 7 6
3 6 0 1 0 0 0 3000 2 15 15 7
3 7 0 1 0 0 0 3000 2 9 9 15
3 8 1 1 1 0 0 704 1 15 15 9
3 9 1 0 0 1 0 3000 1 9 9 15
3 10 1 0 0 1 0 3000 1 15 15 9
3 11 1 1 1 0 0 399 1 9 9 15
3 12 1 0 0 1 0 3000 1 15 15 9
3 13 0 1 0 0 0 3000 3 6 6 15
3 14 0 1 0 0 0 3000 3 3 3 6
3 15 1 1 1 0 0 513 1 6 6 3
3 16 0 1 0 0 0 3000 3 2 2 6
3 17 0 1 0 0 0 3000 3 4 4 2
3 18 1 1 1 0 0 670 1 2 2 4
3 19 1 1 1 0 0 821 1 4 4 2
3 20 0 1 0 0 0 3000 3 5 5 4
3 21 0 1 0 0 0 3000 2 6 6 5
3 22 1 1 1 0 0 554 1 5 5 6
3 23 0 1 0 0 0 3000 2 9 9 5
3 24 0 1 0 0 0 3000 3 15 15 9
3 25 1 1 1 0 0 671 1 9 9 15
4 1 0 1 0 0 0 3000 1 9 9 9
4 2 0 1 0 0 0 3000 2 1 1 9
4 3 1 1 1 0 0 378 1 9 9 1
4 4 1 1 1 0 0 388 1 1 1 9
4 5 1 1 1 0 0 591 1 9 9 1
4 6 0 1 0 0 0 3000 3 2 2 9
4 7 1 1 1 0 0 509 1 9 9 2
4 8 0 1 0 0 0 3000 3 6 6 9
4 9 0 1 0 0 0 3000 2 4 4 6
4 10 0 0 0 0 1 523 2 9 9 4
4 11 0 0 0 0 1 1316 3 9 9 9
4 12 1 1 1 0 0 850 1 9 9 9
4 13 0 1 0 0 0 3000 2 4 4 9
4 14 0 1 0 0 0 3000 3 7 7 4
4 15 1 1 1 0 0 487 1 4 4 7
4 16 0 1 0 0 0 3000 3 1 1 4
4 17 1 1 1 0 0 425 1 4 4 1
4 18 1 0 0 1 0 3000 1 1 1 4
4 19 1 1 1 0 0 991 1 4 4 1
4 20 0 1 0 0 0 3000 2 3 3 4
4 21 1 1 1 0 0 1101 1 4 4 3
4 22 0 1 0 0 0 3000 2 6 6 4
4 23 1 0 0 1 0 3000 1 4 4 6
4 24 1 1 1 0 0 762 1 6 6 4
4 25 0 1 0 0 0 3000 3 7 7 6
5 1 0 1 0 0 0 3000 2 13 13 7
5 2 0 1 0 0 0 3000 3 3 3 13
5 3 0 1 0 0 0 3000 3 3 3 3
5 4 0 1 0 0 0 3000 3 9 9 3
5 5 0 1 0 0 0 3000 2 14 14 9
5 6 1 1 1 0 0 979 1 9 9 14
5 7 1 1 1 0 0 651 1 14 14 9
5 8 1 1 1 0 0 544 1 9 9 14
5 9 1 1 1 0 0 537 1 14 14 9
5 10 1 1 1 0 0 415 1 9 9 14
5 11 1 1 1 0 0 448 1 14 14 9
5 12 0 1 0 0 0 3000 2 5 5 14
5 13 0 1 0 0 0 3000 3 12 12 5
5 14 0 1 0 0 0 3000 3 11 11 12
5 15 0 1 0 0 0 3000 3 6 6 11
5 16 0 1 0 0 0 3000 2 14 14 6
5 17 0 1 0 0 0 3000 3 7 7 14
5 18 0 1 0 0 0 3000 3 8 8 7
5 19 1 1 1 0 0 672 1 7 7 8
5 20 0 1 0 0 0 3000 3 11 11 7
5 21 1 1 1 0 0 496 1 7 7 11
5 22 0 1 0 0 0 3000 2 15 15 7
5 23 1 1 1 0 0 746 1 7 7 15
5 24 1 1 1 0 0 672 1 15 15 7
5 25 1 1 1 0 0 398 1 7 7 15
