1 1 0 1 0 0 0 3000 2 15 15 0
1 2 0 1 0 0 0 3000 3 11 11 15
1 3 0 1 0 0 0 3000 3 13 13 11
1 4 1 0 0 1 0 3000 1 11 11 13
1 5 0 1 0 0 0 3000 3 14 14 11
1 6 0 1 0 0 0 3000 3 15 15 14
1 7 0 1 0 0 0 3000 3 9 9 15
1 8 0 1 0 0 0 3000 3 12 12 9
1 9 0 1 0 0 0 3000 2 12 12 12
1 10 1 0 0 1 0 3000 1 12 12 12
1 11 0 1 0 0 0 3000 2 13 13 12
1 12 0 1 0 0 0 3000 3 4 4 13
1 13 0 1 0 0 0 3000 2 4 4 4
1 14 0 1 0 0 0 3000 2 3 3 4
1 15 1 0 0 1 0 3000 1 4 4 3
1 16 1 0 0 1 0 3000 1 3 3 4
1 17 0 1 0 0 0 3000 2 5 5 3
1 18 0 1 0 0 0 3000 2 10 10 5
1 19 0 1 0 0 0 3000 2 8 8 10
1 20 1 0 0 1 0 3000 1 10 10 8
1 21 0 1 0 0 0 3000 2 11 11 10
1 22 0 1 0 0 0 3000 3 8 8 11
1 23 0 1 0 0 0 3000 3 10 10 8
1 24 0 1 0 0 0 3000 2 11 11 10
1 25 0 1 0 0 0 3000 3 12 12 11
2 1 0 1 0 0 0 3000 2 1 1 12
2 2 0 1 0 0 0 3000 2 5 5 1
2 3 1 1 1 0 0 716 1 1 1 5
2 4 0 1 0 0 0 3000 3 6 6 1
2 5 0 1 0 0 0 3000 3 7 7 6
2 6 0 1 0 0 0 3000 2 2 2 7
2 7 1 1 1 0 0 1056 1 7 7 2
2 8 0 1 0 0 0 3000 2 6 6 7
2 9 0 1 0 0 0 3000 3 13 13 6
2 10 1 1 1 0 0 717 1 6 6 13
2 11 0 1 0 0 0 3000 2 9 9 6
2 12 0 1 0 0 0 3000 2 13 13 9
2 13 0 1 0 0 0 3000 3 10 10 13
2 14 0 1 0 0 0 3000 3 8 8 10
2 15 0 1 0 0 0 3000 2 14 14 8
2 16 0 1 0 0 0 3000 3 13 13 14
2 17 0 1 0 0 0 3000 2 12 12 13
2 18 0 1 0 0 0 3000 3 5 5 12
2 19 0 1 0 0 0 3000 2 15 15 5
2 20 1 0 0 1 0 3000 1 5 5 15
2 21 1 1 1 0 0 452 1 15 15 5
2 22 0 1 0 0 0 3000 3 12 12 15
2 23 1 0 0 1 0 3000 1 15 15 12
2 24 0 1 0 0 0 3000 3 10 10 15
2 25 1 1 1 0 0 350 1 15 15 10
3 1 0 1 0 0 0 3000 2 9 9 15
3 2 0 1 0 0 0 3000 3 13 13 9
3 3 0 1 0 0 0 3000 2 4 4 13
3 4 1 1 1 0 0 1806 1 13 13 4
3 5 0 1 0 0 0 3000 3 5 5 13
3 6 0 1 0 0 0 3000 2 3 3 5
3 7 0 1 0 0 0 3000 3 3 3 3
3 8 1 1 1 0 0 698 1 3 3 3
3 9 0 1 0 0 0 3000 2 15 15 3
3 10 1 0 0 1 0 3000 1 3 3 15
3 11 1 1 1 0 0 501 1 15 15 3
3 12 1 0 0 1 0 3000 1 3 3 15
3 13 0 1 0 0 0 3000 2 11 11 3
3 14 1 0 0 1 0 3000 1 3 3 11
3 15 1 1 1 0 0 562 1 11 11 3
3 16 0 1 0 0 0 3000 3 10 10 11
3 17 0 1 0 0 0 3000 3 4 4 10
3 18 0 1 0 0 0 3000 3 5 5 4
3 19 0 1 0 0 0 3000 3 15 15 5
3 20 1 1 1 0 0 898 1 5 5 15
3 21 0 1 0 0 0 3000 2 9 9 5
3 22 0 1 0 0 0 3000 2 14 14 9
3 23 0 1 0 0 0 3000 3 1 1 14
3 24 0 0 0 0 1 623 3 15 15 1
3 25 0 0 0 0 1 1230 2 14 14 15
4 1 0 1 0 0 0 3000 2 6 6 14
4 2 0 1 0 0 0 3000 1 2 2 6
4 3 0 1 0 0 0 3000 2 5 5 2
4 4 0 1 0 0 0 3000 3 7 7 5
4 5 0 0 0 0 1 901 3 6 6 7
4 6 0 1 0 0 0 3000 2 11 11 6
4 7 0 1 0 0 0 3000 3 12 12 11
4 8 0 1 0 0 0 3000 2 6 6 12
4 9 0 1 0 0 0 3000 3 13 13 6
4 10 0 1 0 0 0 3000 3 9 9 13
4 11 0 1 0 0 0 3000 3 2 2 9
4 12 1 1 1 0 0 790 1 9 9 2
4 13 0 1 0 0 0 3000 3 4 4 9
4 14 0 1 0 0 0 3000 3 8 8 4
4 15 0 1 0 0 0 3000 3 13 13 8
4 16 1 1 1 0 0 425 1 8 8 13
4 17 0 1 0 0 0 3000 3 9 9 8
4 18 0 1 0 0 0 3000 3 7 7 9
4 19 0 1 0 0 0 3000 3 8 8 7
4 20 0 1 0 0 0 3000 3 13 13 8
4 21 0 0 0 0 1 616 2 7 7 13
4 22 1 1 1 0 0 1011 1 13 13 7
4 23 0 1 0 0 0 3000 3 5 5 13
4 24 1 1 1 0 0 411 1 13 13 5
4 25 0 1 0 0 0 3000 2 6 6 13
5 1 0 1 0 0 0 3000 3 1 1 6
5 2 0 1 0 0 0 3000 1 15 15 1
5 3 0 1 0 0 0 3000 2 12 12 15
5 4 0 1 0 0 0 3000 2 5 5 12
5 5 0 1 0 0 0 3000 2 14 14 5
5 6 1 1 1 0 0 2361 1 5 5 14
5 7 1 0 0 1 0 3000 1 14 14 5
5 8 0 1 0 0 0 3000 3 10 10 14
5 9 1 1 1 0 0 386 1 14 14 10
5 10 0 1 0 0 0 3000 2 15 15 14
5 11 0 1 0 0 0 3000 3 3 3 15
5 12 0 1 0 0 0 3000 3 12 12 3
5 13 0 1 0 0 0 3000 2 6 6 12
5 14 0 1 0 0 0 3000 3 8 8 6
5 15 0 1 0 0 0 3000 2 14 14 8
5 16 0 1 0 0 0 3000 2 4 4 14
5 17 0 1 0 0 0 3000 2 6 6 4
5 18 0 1 0 0 0 3000 3 13 13 6
5 19 0 1 0 0 0 3000 3 3 3 13
5 20 0 1 0 0 0 3000 2 12 12 3
5 21 0 0 0 0 1 598 3 13 13 12
5 22 1 0 0 1 0 3000 1 12 12 13
5 23 0 0 0 0 1 708 2 12 12 12
5 24 0 1 0 0 0 3000 2 13 13 12
5 25 1 1 1 0 0 1802 1 12 12 13
