1 1 0 1 0 0 0 3000 1 3 3 0
1 2 0 1 0 0 0 3000 3 5 5 3
1 3 1 1 1 0 0 517 1 3 3 5
1 4 0 1 0 0 0 3000 2 6 6 3
1 5 0 1 0 0 0 3000 2 9 9 6
1 6 0 1 0 0 0 3000 3 14 14 9
1 7 0 1 0 0 0 3000 3 14 14 14
1 8 0 1 0 0 0 3000 3 7 7 14
1 9 0 1 0 0 0 3000 3 11 11 7
1 10 0 1 0 0 0 3000 2 9 9 11
1 11 1 1 1 0 0 363 1 11 11 9
1 12 1 0 0 1 0 3000 1 9 9 11
1 13 0 1 0 0 0 3000 2 8 8 9
1 14 0 1 0 0 0 3000 2 3 3 8
1 15 0 1 0 0 0 3000 2 14 14 3
1 16 1 1 1 0 0 438 1 3 3 14
1 17 1 0 0 1 0 3000 1 14 14 3
1 18 1 0 0 1 0 3000 1 3 3 14
1 19 1 1 1 0 0 356 1 14 14 3
1 20 1 0 0 1 0 3000 1 3 3 14
1 21 0 1 0 0 0 3000 2 6 6 3
1 22 0 1 0 0 0 3000 3 15 15 6
1 23 1 1 1 0 0 668 1 6 6 15
1 24 1 0 0 1 0 3000 1 15 15 6
1 25 0 1 0 0 0 3000 3 15 15 15
2 1 0 1 0 0 0 3000 2 4 4 15
2 2 0 1 0 0 0 3000 2 6 6 4
2 3 0 1 0 0 0 3000 2 2 2 6
2 4 0 1 0 0 0 3000 2 12 12 2
2 5 0 1 0 0 0 3000 2 3 3 12
2 6 0 1 0 0 0 3000 3 3 3 3
2 7 0 1 0 0 0 3000 2 6 6 3
2 8 0 1 0 0 0 3000 2 2 2 6
2 9 0 1 0 0 0 3000 3 2 2 2
2 10 0 1 0 0 0 3000 2 5 5 2
2 11 0 1 0 0 0 3000 2 10 10 5
2 12 1 1 1 0 0 371 1 5 5 10
2 13 0 1 0 0 0 3000 2 11 11 5
2 14 0 1 0 0 0 3000 2 7 7 11
2 15 0 1 0 0 0 3000 2 1 1 7
2 16 1 1 1 0 0 502 1 7 7 1
2 17 0 1 0 0 0 3000 2 3 3 7
2 18 0 0 0 0 1 812 2 1 1 3
2 19 0 0 0 0 1 566 2 1 1 1
2 20 1 0 0 1 0 3000 1 1 1 1
2 21 0 1 0 0 0 3000 2 2 2 1
2 22 1 1 1 0 0 568 1 1 1 2
2 23 0 1 0 0 0 3000 3 1 1 1
2 24 0 1 0 0 0 3000 3 13 13 1
2 25 0 1 0 0 0 3000 2 9 9 13
3 1 0 1 0 0 0 3000 3 15 15 9
3 2 0 1 0 0 0 3000 2 2 2 15
3 3 0 1 0 0 0 3000 3 8 8 2
3 4 0 1 0 0 0 3000 2 9 9 8
3 5 0 1 0 0 0 3000 3 4 4 9
3 6 1 1 1 0 0 454 1 9 9 4
3 7 0 1 0 0 0 3000 2 12 12 9
3 8 1 0 0 1 0 3000 1 9 9 12
3 9 0 1 0 0 0 3000 3 10 10 9
3 10 1 1 1 0 0 611 1 9 9 10
3 11 1 1 1 0 0 1210 1 10 10 9
3 12 1 1 1 0 0 915 1 9 9 10
3 13 0 1 0 0 0 3000 2 11 11 9
3 14 0 1 0 0 0 3000 2 14 14 11
3 15 0 1 0 0 0 3000 2 3 3 14
3 16 0 1 0 0 0 3000 3 7 7 3
3 17 0 1 0 0 0 3000 3 1 1 7
3 18 0 1 0 0 0 3000 2 9 9 1
3 19 0 1 0 0 0 3000 3 8 8 9
3 20 0 1 0 0 0 3000 2 5 5 8
3 21 0 1 0 0 0 3000 3 6 6 5
3 22 0 1 0 0 0 3000 3 13 13 6
3 23 1 1 1 0 0 366 1 6 6 13
3 24 0 1 0 0 0 3000 2 9 9 6
3 25 1 0 0 1 0 3000 1 6 6 9
4 1 0 1 0 0 0 3000 2 10 10 6
4 2 0 1 0 0 0 3000 3 13 13 10
4 3 0 1 0 0 0 3000 2 8 8 13
4 4 1 1 1 0 0 523 1 13 13 8
4 5 0 1 0 0 0 3000 3 7 7 13
4 6 1 1 1 0 0 801 1 13 13 7
4 7 0 0 0 0 1 586 3 13 13 13
4 8 0 1 0 0 0 3000 2 5 5 13
4 9 0 1 0 0 0 3000 2 7 7 5
4 10 0 1 0 0 0 3000 3 1 1 7
4 11 0 0 0 0 1 445 3 5 5 1
4 12 0 1 0 0 0 3000 3 3 3 5
4 13 1 0 0 1 0 3000 1 5 5 3
4 14 0 1 0 0 0 3000 2 11 11 5
4 15 1 1 1 0 0 354 1 5 5 11
4 16 0 1 0 0 0 3000 2 6 6 5
4 17 0 1 0 0 0 3000 3 9 9 6
4 18 0 0 0 0 1 918 2 10 10 9
4 19 0 1 0 0 0 3000 2 15 15 10
4 20 1 1 1 0 0 780 1 10 10 15
4 21 0 1 0 0 0 3000 2 8 8 10
4 22 0 1 0 0 0 3000 2 3 3 8
4 23 0 1 0 0 0 3000 3 6 6 3
4 24 0 1 0 0 0 3000 3 5 5 6
4 25 0 0 0 0 1 501 3 10 10 5
5 1 0 1 0 0 0 3000 2 9 9 10
5 2 0 1 0 0 0 3000 3 8 8 9
5 3 0 1 0 0 0 3000 3 5 5 8
5 4 0 1 0 0 0 3000 2 14 14 5
5 5 1 1 1 0 0 1058 1 5 5 14
5 6 0 1 0 0 0 3000 3 8 8 5
5 7 0 1 0 0 0 3000 2 3 3 8
5 8 0 1 0 0 0 3000 2 1 1 3
5 9 0 1 0 0 0 3000 3 8 8 1
5 10 0 1 0 0 0 3000 3 15 15 8
5 11 0 1 0 0 0 3000 2 15 15 15
5 12 0 1 0 0 0 3000 3 14 14 15
5 13 0 0 0 0 1 809 3 14 14 14
5 14 0 1 0 0 0 3000 3 13 13 14
5 15 1 1 1 0 0 389 1 14 14 13
5 16 0 1 0 0 0 3000 3 14 14 14
5 17 0 0 0 0 1 565 3 13 13 14
5 18 1 0 0 1 0 3000 1 14 14 13
5 19 0 1 0 0 0 3000 3 9 9 14
5 20 0 1 0 0 0 3000 3 5 5 9
5 21 1 1 1 0 0 624 1 9 9 5
5 22 1 0 0 1 0 3000 1 5 5 9
5 23 0 1 0 0 0 3000 2 2 2 5
5 24 0 1 0 0 0 3000 3 12 12 2
5 25 1 1 1 0 0 484 1 2 2 12
