1 1 0 1 0 0 0 3000 2 1 1 0
1 2 0 1 0 0 0 3000 3 3 3 1
1 3 1 1 1 0 0 439 1 1 1 3
1 4 0 1 0 0 0 3000 2 4 4 1
1 5 0 1 0 0 0 3000 3 12 12 4
1 6 1 1 1 0 0 553 1 4 4 12
1 7 1 1 1 0 0 1231 1 12 12 4
1 8 0 1 0 0 0 3000 2 1 1 12
1 9 0 1 0 0 0 3000 3 4 4 1
1 10 0 1 0 0 0 3000 3 4 4 4
1 11 0 1 0 0 0 3000 2 7 7 4
1 12 0 1 0 0 0 3000 2 7 7 7
1 13 0 1 0 0 0 3000 3 5 5 7
1 14 1 1 1 0 0 704 1 7 7 5
1 15 0 1 0 0 0 3000 2 1 1 7
1 16 0 1 0 0 0 3000 2 12 12 1
1 17 0 1 0 0 0 3000 2 11 11 12
1 18 0 1 0 0 0 3000 2 5 5 11
1 19 1 1 1 0 0 732 1 11 11 5
1 20 0 1 0 0 0 3000 3 13 13 11
1 21 1 1 1 0 0 609 1 11 11 13
1 22 0 1 0 0 0 3000 2 6 6 11
1 23 0 1 0 0 0 3000 2 5 5 6
1 24 0 1 0 0 0 3000 2 4 4 5
1 25 0 1 0 0 0 3000 3 6 6 4
2 1 0 1 0 0 0 3000 3 2 2 6
2 2 0 1 0 0 0 3000 3 9 9 2
2 3 0 1 0 0 0 3000 3 4 4 9
2 4 0 1 0 0 0 3000 2 7 7 4
2 5 0 1 0 0 0 3000 3 7 7 7
2 6 0 1 0 0 0 3000 3 15 15 7
2 7 0 1 0 0 0 3000 3 14 14 15
2 8 0 1 0 0 0 3000 2 2 2 14
2 9 1 1 1 0 0 1115 1 14 14 2
2 10 0 1 0 0 0 3000 2 5 5 14
2 11 1 1 1 0 0 1083 1 14 14 5
2 12 0 1 0 0 0 3000 3 2 2 14
2 13 0 1 0 0 0 3000 2 6 6 2
2 14 1 1 1 0 0 367 1 2 2 6
2 15 0 1 0 0 0 3000 3 3 3 2
2 16 0 1 0 0 0 3000 3 8 8 3
2 17 0 1 0 0 0 3000 3 5 5 8
2 18 0 1 0 0 0 3000 2 4 4 5
2 19 0 1 0 0 0 3000 3 14 14 4
2 20 1 1 1 0 0 960 1 4 4 14
2 21 0 1 0 0 0 3000 2 6 6 4
2 22 1 1 1 0 0 606 1 4 4 6
2 23 0 1 0 0 0 3000 2 3 3 4
2 24 1 1 1 0 0 411 1 4 4 3
2 25 0 1 0 0 0 3000 3 4 4 4
3 1 0 1 0 0 0 3000 1 3 3 4
3 2 0 1 0 0 0 3000 2 7 7 3
3 3 0 1 0 0 0 3000 2 11 11 7
3 4 1 1 1 0 0 635 1 7 7 11
3 5 0 1 0 0 0 3000 2 1 1 7
3 6 1 1 1 0 0 657 1 7 7 1
3 7 0 1 0 0 0 3000 2 13 13 7
3 8 1 1 1 0 0 598 1 7 7 13
3 9 1 1 1 0 0 671 1 13 13 7
3 10 0 1 0 0 0 3000 3 12 12 13
3 11 0 1 0 0 0 3000 3 7 7 12
3 12 0 1 0 0 0 3000 3 15 15 7
3 13 0 1 0 0 0 3000 3 14 14 15
3 14 1 1 1 0 0 480 1 15 15 14
3 15 0 1 0 0 0 3000 2 11 11 15
3 16 0 1 0 0 0 3000 3 13 13 11
3 17 1 1 1 0 0 521 1 11 11 13
3 18 1 1 1 0 0 664 1 13 13 11
3 19 1 0 0 1 0 3000 1 11 11 13
3 20 1 1 1 0 0 535 1 13 13 11
3 21 1 1 1 0 0 543 1 11 11 13
3 22 1 1 1 0 0 518 1 13 13 11
3 23 0 1 0 0 0 3000 3 7 7 13
3 24 0 1 0 0 0 3000 3 10 10 7
3 25 1 1 1 0 0 506 1 7 7 10
4 1 0 1 0 0 0 3000 1 15 15 7
4 2 0 1 0 0 0 3000 2 11 11 15
4 3 1 1 1 0 0 361 1 15 15 11
4 4 0 1 0 0 0 3000 2 6 6 15
4 5 1 0 0 1 0 3000 1 15 15 6
4 6 0 0 0 0 1 645 2 15 15 15
4 7 0 1 0 0 0 3000 2 5 5 15
4 8 0 0 0 0 1 970 3 1 1 5
4 9 0 1 0 0 0 3000 2 7 7 1
4 10 1 1 1 0 0 602 1 1 1 7
4 11 0 1 0 0 0 3000 2 6 6 1
4 12 0 1 0 0 0 3000 2 14 14 6
4 13 1 1 1 0 0 909 1 6 6 14
4 14 0 1 0 0 0 3000 2 8 8 6
4 15 0 1 0 0 0 3000 3 11 11 8
4 16 0 0 0 0 1 554 3 11 11 11
4 17 0 1 0 0 0 3000 2 10 10 11
4 18 0 1 0 0 0 3000 3 3 3 10
4 19 1 1 1 0 0 902 1 10 10 3
4 20 1 1 1 0 0 854 1 3 3 10
4 21 0 1 0 0 0 3000 2 8 8 3
4 22 0 1 0 0 0 3000 3 11 11 8
4 23 1 1 1 0 0 489 1 8 8 11
4 24 0 1 0 0 0 3000 2 3 3 8
4 25 1 1 1 0 0 492 1 8 8 3
5 1 0 1 0 0 0 3000 3 11 11 8
5 2 0 1 0 0 0 3000 2 7 7 11
5 3 1 1 1 0 0 459 1 11 11 7
5 4 1 1 1 0 0 513 1 7 7 11
5 5 0 1 0 0 0 3000 2 15 15 7
5 6 0 1 0 0 0 3000 3 3 3 15
5 7 0 1 0 0 0 3000 2 10 10 3
5 8 0 1 0 0 0 3000 2 6 6 10
5 9 0 1 0 0 0 3000 2 2 2 6
5 10 0 1 0 0 0 3000 3 1 1 2
5 11 0 0 0 0 1 393 2 10 10 1
5 12 0 1 0 0 0 3000 2 4 4 10
5 13 0 1 0 0 0 3000 2 2 2 4
5 14 1 1 1 0 0 350 1 4 4 2
5 15 0 1 0 0 0 3000 3 9 9 4
5 16 0 1 0 0 0 3000 3 13 13 9
5 17 0 1 0 0 0 3000 3 12 12 13
5 18 1 1 1 0 0 888 1 13 13 12
5 19 0 1 0 0 0 3000 2 5 5 13
5 20 0 1 0 0 0 3000 2 3 3 5
5 21 0 1 0 0 0 3000 3 1 1 3
5 22 1 1 1 0 0 587 1 3 3 1
5 23 1 1 1 0 0 995 1 1 1 3
5 24 0 1 0 0 0 3000 2 2 2 1
5 25 0 1 0 0 0 3000 3 5 5 2
