1 1 0 1 0 0 0 3000 2 10 10 0
1 2 0 1 0 0 0 3000 2 11 11 10
1 3 0 1 0 0 0 3000 3 14 14 11
1 4 0 1 0 0 0 3000 2 13 13 14
1 5 1 1 1 0 0 517 1 14 14 13
1 6 0 1 0 0 0 3000 3 1 1 14
1 7 0 1 0 0 0 3000 2 7 7 1
1 8 1 1 1 0 0 585 1 1 1 7
1 9 0 1 0 0 0 3000 2 10 10 1
1 10 1 1 1 0 0 359 1 1 1 10
1 11 1 1 1 0 0 701 1 10 10 1
1 12 1 1 1 0 0 653 1 1 1 10
1 13 0 1 0 0 0 3000 2 8 8 1
1 14 0 1 0 0 0 3000 2 8 8 8
1 15 0 1 0 0 0 3000 2 4 4 8
1 16 0 1 0 0 0 3000 2 13 13 4
1 17 0 1 0 0 0 3000 2 15 15 13
1 18 1 1 1 0 0 334 1 13 13 15
1 19 1 1 1 0 0 1396 1 15 15 13
1 20 0 1 0 0 0 3000 2 14 14 15
1 21 0 1 0 0 0 3000 3 14 14 14
1 22 0 1 0 0 0 3000 3 15 15 14
1 23 0 1 0 0 0 3000 3 7 7 15
1 24 0 1 0 0 0 3000 3 1 1 7
1 25 0 1 0 0 0 3000 2 13 13 1
2 1 0 1 0 0 0 3000 2 7 7 13
2 2 0 1 0 0 0 3000 3 3 3 7
2 3 1 1 1 0 0 350 1 7 7 3
2 4 1 1 1 0 0 503 1 3 3 7
2 5 1 1 1 0 0 793 1 7 7 3
2 6 0 1 0 0 0 3000 3 6 6 7
2 7 1 1 1 0 0 302 1 7 7 6
2 8 0 1 0 0 0 3000 3 11 11 7
2 9 1 1 1 0 0 416 1 7 7 11
2 10 0 1 0 0 0 3000 2 5 5 7
2 11 0 1 0 0 0 3000 3 3 3 5
2 12 0 1 0 0 0 3000 3 12 12 3
2 13 0 1 0 0 0 3000 3 8 8 12
2 14 0 1 0 0 0 3000 3 3 3 8
2 15 0 1 0 0 0 3000 2 14 14 3
2 16 1 1 1 0 0 593 1 3 3 14
2 17 1 1 1 0 0 411 1 14 14 3
2 18 0 1 0 0 0 3000 3 15 15 14
2 19 0 0 0 0 1 512 2 15 15 15
2 20 1 0 0 1 0 3000 1 15 15 15
2 21 0 1 0 0 0 3000 3 12 12 15
2 22 0 1 0 0 0 3000 2 3 3 12
2 23 0 1 0 0 0 3000 3 13 13 3
2 24 1 1 1 0 0 586 1 3 3 13
2 25 1 1 1 0 0 770 1 13 13 3
3 1 0 1 0 0 0 3000 2 11 11 13
3 2 0 1 0 0 0 3000 1 2 2 11
3 3 0 1 0 0 0 3000 2 9 9 2
3 4 0 1 0 0 0 3000 3 11 11 9
3 5 0 1 0 0 0 3000 3 15 15 11
3 6 1 1 1 0 0 557 1 11 11 15
3 7 1 1 1 0 0 597 1 15 15 11
3 8 0 1 0 0 0 3000 3 5 5 15
3 9 0 1 0 0 0 3000 3 13 13 5
3 10 1 1 1 0 0 488 1 5 5 13
3 11 0 1 0 0 0 3000 3 6 6 5
3 12 1 1 1 0 0 314 1 5 5 6
3 13 1 1 1 0 0 615 1 6 6 5
3 14 0 1 0 0 0 3000 3 9 9 6
3 15 0 1 0 0 0 3000 3 11 11 9
3 16 0 1 0 0 0 3000 2 4 4 11
3 17 0 0 0 0 1 643 2 6 6 4
3 18 0 1 0 0 0 3000 2 8 8 6
3 19 0 1 0 0 0 3000 3 12 12 8
3 20 1 1 1 0 0 425 1 8 8 12
3 21 1 1 1 0 0 881 1 12 12 8
3 22 0 1 0 0 0 3000 2 3 3 12
3 23 1 0 0 1 0 3000 1 12 12 3
3 24 1 1 1 0 0 324 1 3 3 12
3 25 1 1 1 0 0 508 1 12 12 3
4 1 0 0 0 0 1 247 3 5 5 12
4 2 0 1 0 0 0 3000 2 6 6 5
4 3 1 1 1 0 0 365 1 5 5 6
4 4 1 1 1 0 0 822 1 6 6 5
4 5 1 1 1 0 0 497 1 5 5 6
4 6 0 1 0 0 0 3000 3 3 3 5
4 7 1 1 1 0 0 381 1 5 5 3
4 8 0 1 0 0 0 3000 2 11 11 5
4 9 0 1 0 0 0 3000 2 14 14 11
4 10 0 1 0 0 0 3000 3 7 7 14
4 11 1 1 1 0 0 441 1 14 14 7
4 12 0 0 0 0 1 538 3 14 14 14
4 13 0 1 0 0 0 3000 3 6 6 14
4 14 0 1 0 0 0 3000 2 1 1 6
4 15 1 1 1 0 0 725 1 6 6 1
4 16 1 1 1 0 0 981 1 1 1 6
4 17 0 1 0 0 0 3000 2 2 2 1
4 18 0 1 0 0 0 3000 3 12 12 2
4 19 0 1 0 0 0 3000 2 4 4 12
4 20 0 1 0 0 0 3000 3 1 1 4
4 21 0 1 0 0 0 3000 2 14 14 1
4 22 1 1 1 0 0 678 1 1 1 14
4 23 0 1 0 0 0 3000 2 7 7 1
4 24 0 1 0 0 0 3000 2 8 8 7
4 25 1 1 1 0 0 595 1 7 7 8
5 1 0 1 0 0 0 3000 1 4 4 7
5 2 0 1 0 0 0 3000 3 13 13 4
5 3 1 1 1 0 0 335 1 4 4 13
5 4 0 1 0 0 0 3000 2 8 8 4
5 5 0 1 0 0 0 3000 2 3 3 8
5 6 0 1 0 0 0 3000 2 4 4 3
5 7 0 1 0 0 0 3000 3 1 1 4
5 8 0 1 0 0 0 3000 3 3 3 1
5 9 0 1 0 0 0 3000 3 10 10 3
5 10 0 1 0 0 0 3000 3 13 13 10
5 11 1 1 1 0 0 908 1 10 10 13
5 12 0 1 0 0 0 3000 2 9 9 10
5 13 1 1 1 0 0 418 1 10 10 9
5 14 0 1 0 0 0 3000 3 8 8 10
5 15 1 1 1 0 0 426 1 10 10 8
5 16 0 1 0 0 0 3000 3 10 10 10
5 17 0 1 0 0 0 3000 3 13 13 10
5 18 0 1 0 0 0 3000 3 6 6 13
5 19 0 1 0 0 0 3000 2 3 3 6
5 20 0 1 0 0 0 3000 3 10 10 3
5 21 0 1 0 0 0 3000 2 4 4 10
5 22 0 1 0 0 0 3000 3 7 7 4
5 23 0 1 0 0 0 3000 2 8 8 7
5 24 0 1 0 0 0 3000 2 10 10 8
5 25 0 1 0 0 0 3000 3 12 12 10
