1 1 0 1 0 0 0 3000 2 13 13 0
1 2 0 1 0 0 0 3000 2 7 7 13
1 3 0 1 0 0 0 3000 2 4 4 7
1 4 0 1 0 0 0 3000 3 9 9 4
1 5 0 0 0 0 1 129 3 5 5 9
1 6 1 0 0 1 0 3000 1 9 9 5
1 7 0 1 0 0 0 3000 3 6 6 9
1 8 0 1 0 0 0 3000 3 3 3 6
1 9 1 1 1 0 0 562 1 6 6 3
1 10 0 1 0 0 0 3000 3 15 15 6
1 11 1 0 0 1 0 3000 1 6 6 15
1 12 1 0 0 1 0 3000 1 15 15 6
1 13 0 1 0 0 0 3000 2 14 14 15
1 14 1 0 0 1 0 3000 1 15 15 14
1 15 0 1 0 0 0 3000 3 12 12 15
1 16 1 0 0 1 0 3000 1 15 15 12
1 17 0 0 0 0 1 481 3 4 4 15
1 18 0 1 0 0 0 3000 2 13 13 4
1 19 1 0 0 1 0 3000 1 4 4 13
1 20 0 1 0 0 0 3000 3 10 10 4
1 21 1 1 1 0 0 480 1 4 4 10
1 22 0 1 0 0 0 3000 2 9 9 4
1 23 0 1 0 0 0 3000 3 7 7 9
1 24 1 0 0 1 0 3000 1 9 9 7
1 25 0 1 0 0 0 3000 3 12 12 9
2 1 0 1 0 0 0 3000 1 5 5 12
2 2 0 1 0 0 0 3000 3 10 10 5
2 3 0 1 0 0 0 3000 3 9 9 10
2 4 0 1 0 0 0 3000 2 11 11 9
2 5 1 1 1 0 0 594 1 9 9 11
2 6 1 0 0 1 0 3000 1 11 11 9
2 7 0 1 0 0 0 3000 3 11 11 11
2 8 1 1 1 0 0 671 1 11 11 11
2 9 1 0 0 1 0 3000 1 11 11 11
2 10 0 1 0 0 0 3000 2 12 12 11
2 11 0 1 0 0 0 3000 2 8 8 12
2 12 0 1 0 0 0 3000 3 2 2 8
2 13 0 1 0 0 0 3000 3 4 4 2
2 14 1 1 1 0 0 839 1 2 2 4
2 15 1 0 0 1 0 3000 1 4 4 2
2 16 0 1 0 0 0 3000 2 12 12 4
2 17 1 1 1 0 0 501 1 4 4 12
2 18 1 0 0 1 0 3000 1 12 12 4
2 19 0 0 0 0 1 812 2 12 12 12
2 20 1 0 0 1 0 3000 1 12 12 12
2 21 0 1 0 0 0 3000 2 13 13 12
2 22 1 1 1 0 0 390 1 12 12 13
2 23 1 0 0 1 0 3000 1 13 13 12
2 24 1 0 0 1 0 3000 1 12 12 13
2 25 0 1 0 0 0 3000 2 10 10 12
3 1 0 1 0 0 0 3000 3 6 6 10
3 2 0 1 0 0 0 3000 1 14 14 6
3 3 0 0 0 0 1 580 3 14 14 14
3 4 1 1 1 0 0 798 1 14 14 14
3 5 0 1 0 0 0 3000 2 3 3 14
3 6 0 1 0 0 0 3000 2 3 3 3
3 7 0 1 0 0 0 3000 2 9 9 3
3 8 0 0 0 0 1 368 2 6 6 9
3 9 0 0 0 0 1 588 2 6 6 6
3 10 0 1 0 0 0 3000 3 12 12 6
3 11 1 1 1 0 0 660 1 6 6 12
3 12 0 1 0 0 0 3000 3 14 14 6
3 13 0 1 0 0 0 3000 2 5 5 14
3 14 0 0 0 0 1 472 2 6 6 5
3 15 1 1 1 0 0 516 1 5 5 6
3 16 0 1 0 0 0 3000 3 3 3 5
3 17 0 1 0 0 0 3000 2 11 11 3
3 18 1 1 1 0 0 1144 1 3 3 11
3 19 1 0 0 1 0 3000 1 11 11 3
3 20 0 1 0 0 0 3000 2 11 11 11
3 21 1 1 1 0 0 469 1 11 11 11
3 22 0 1 0 0 0 3000 2 2 2 11
3 23 1 0 0 1 0 3000 1 11 11 2
3 24 1 1 1 0 0 404 1 2 2 11
3 25 1 0 0 1 0 3000 1 11 11 2
4 1 0 1 0 0 0 3000 2 12 12 11
4 2 0 1 0 0 0 3000 3 5 5 12
4 3 0 1 0 0 0 3000 2 3 3 5
4 4 0 1 0 0 0 3000 3 7 7 3
4 5 0 0 0 0 1 833 2 12 12 7
4 6 0 1 0 0 0 3000 3 15 15 12
4 7 0 1 0 0 0 3000 2 10 10 15
4 8 0 1 0 0 0 3000 2 14 14 10
4 9 1 0 0 1 0 3000 1 10 10 14
4 10 0 1 0 0 0 3000 2 15 15 10
4 11 1 1 1 0 0 314 1 10 10 15
4 12 0 1 0 0 0 3000 3 14 14 10
4 13 0 1 0 0 0 3000 3 15 15 14
4 14 0 1 0 0 0 3000 2 5 5 15
4 15 1 0 0 1 0 3000 1 15 15 5
4 16 1 0 0 1 0 3000 1 5 5 15
4 17 0 1 0 0 0 3000 2 14 14 5
4 18 1 1 1 0 0 33 1 5 5 14
4 19 0 1 0 0 0 3000 2 2 2 5
4 20 0 1 0 0 0 3000 2 13 13 2
4 21 0 0 0 0 1 590 3 5 5 13
4 22 0 0 0 0 1 480 2 2 2 5
4 23 1 0 0 1 0 3000 1 5 5 2
4 24 0 1 0 0 0 3000 3 4 4 5
4 25 0 1 0 0 0 3000 2 10 10 4
5 1 0 1 0 0 0 3000 3 13 13 10
5 2 0 1 0 0 0 3000 3 6 6 13
5 3 0 1 0 0 0 3000 2 3 3 6
5 4 0 1 0 0 0 3000 2 11 11 3
5 5 1 1 1 0 0 607 1 3 3 11
5 6 0 1 0 0 0 3000 2 8 8 3
5 7 0 1 0 0 0 3000 3 15 15 8
5 8 1 1 1 0 0 386 1 8 8 15
5 9 1 0 0 1 0 3000 1 15 15 8
5 10 0 1 0 0 0 3000 3 14 14 15
5 11 1 0 0 1 0 3000 1 15 15 14
5 12 0 1 0 0 0 3000 2 5 5 15
5 13 1 1 1 0 0 963 1 15 15 5
5 14 0 1 0 0 0 3000 3 10 10 15
5 15 0 1 0 0 0 3000 3 8 8 10
5 16 0 1 0 0 0 3000 3 4 4 8
5 17 0 0 0 0 1 538 2 4 4 4
5 18 1 0 0 1 0 3000 1 4 4 4
5 19 0 1 0 0 0 3000 3 7 7 4
5 20 1 1 1 0 0 335 1 4 4 7
5 21 0 1 0 0 0 3000 2 3 3 4
5 22 1 0 0 1 0 3000 1 4 4 3
5 23 0 0 0 0 1 608 3 10 10 4
5 24 0 1 0 0 0 3000 3 15 15 10
5 25 1 0 0 1 0 3000 1 10 10 15
