1 1 0 1 0 0 0 3000 1 9 9 0
1 2 0 1 0 0 0 3000 3 14 14 9
1 3 1 1 1 0 0 584 1 9 9 14
1 4 1 1 1 0 0 494 1 14 14 9
1 5 0 1 0 0 0 3000 2 13 13 14
1 6 1 1 1 0 0 659 1 14 14 13
1 7 0 1 0 0 0 3000 3 5 5 14
1 8 0 1 0 0 0 3000 3 6 6 5
1 9 0 0 0 0 1 569 3 9 9 6
1 10 0 1 0 0 0 3000 2 13 13 9
1 11 0 1 0 0 0 3000 2 2 2 13
1 12 1 1 1 0 0 1244 1 13 13 2
1 13 0 1 0 0 0 3000 2 14 14 13
1 14 0 0 0 0 1 451 3 2 2 14
1 15 0 1 0 0 0 3000 3 1 1 2
1 16 0 1 0 0 0 3000 2 5 5 1
1 17 0 1 0 0 0 3000 3 10 10 5
1 18 0 1 0 0 0 3000 3 8 8 10
1 19 0 0 0 0 1 544 3 6 6 8
1 20 1 1 1 0 0 671 1 8 8 6
1 21 0 0 0 0 1 671 2 5 5 8
1 22 0 1 0 0 0 3000 2 4 4 5
1 23 0 1 0 0 0 3000 3 3 3 4
1 24 1 1 1 0 0 355 1 4 4 3
1 25 1 1 1 0 0 291 1 3 3 4
2 1 0 1 0 0 0 3000 3 15 15 3
2 2 0 1 0 0 0 3000 1 2 2 15
2 3 0 1 0 0 0 3000 3 6 6 2
2 4 0 1 0 0 0 3000 2 6 6 6
2 5 0 1 0 0 0 3000 2 9 9 6
2 6 0 1 0 0 0 3000 2 15 15 9
2 7 0 0 0 0 1 442 3 8 8 15
2 8 0 1 0 0 0 3000 3 12 12 8
2 9 0 1 0 0 0 3000 3 13 13 12
2 10 0 1 0 0 0 3000 3 7 7 13
2 11 0 0 0 0 1 673 2 8 8 7
2 12 1 1 1 0 0 545 1 7 7 8
2 13 1 1 1 0 0 552 1 8 8 7
2 14 1 1 1 0 0 510 1 7 7 8
2 15 0 1 0 0 0 3000 2 1 1 7
2 16 0 0 0 0 1 580 2 8 8 1
2 17 1 1 1 0 0 613 1 1 1 8
2 18 0 1 0 0 0 3000 3 1 1 1
2 19 1 1 1 0 0 578 1 1 1 1
2 20 1 1 1 0 0 1619 1 1 1 1
2 21 0 1 0 0 0 3000 2 6 6 1
2 22 0 1 0 0 0 3000 2 4 4 6
2 23 0 1 0 0 0 3000 3 9 9 4
2 24 0 1 0 0 0 3000 3 6 6 9
2 25 1 1 1 0 0 390 1 9 9 6
3 1 0 1 0 0 0 3000 2 12 12 9
3 2 0 1 0 0 0 3000 2 8 8 12
3 3 0 1 0 0 0 3000 3 7 7 8
3 4 0 1 0 0 0 3000 3 3 3 7
3 5 1 1 1 0 0 416 1 7 7 3
3 6 0 1 0 0 0 3000 3 9 9 7
3 7 0 1 0 0 0 3000 3 9 9 9
3 8 1 1 1 0 0 340 1 9 9 9
3 9 1 1 1 0 0 416 1 9 9 9
3 10 1 1 1 0 0 666 1 9 9 9
3 11 0 1 0 0 0 3000 3 7 7 9
3 12 1 1 1 0 0 393 1 9 9 7
3 13 0 1 0 0 0 3000 2 13 13 9
3 14 0 1 0 0 0 3000 2 10 10 13
3 15 1 1 1 0 0 758 1 13 13 10
3 16 1 1 1 0 0 1084 1 10 10 13
3 17 1 1 1 0 0 509 1 13 13 10
3 18 1 1 1 0 0 365 1 10 10 13
3 19 1 1 1 0 0 445 1 13 13 10
3 20 1 1 1 0 0 358 1 10 10 13
3 21 0 1 0 0 0 3000 2 9 9 10
3 22 0 1 0 0 0 3000 3 6 6 9
3 23 1 1 1 0 0 415 1 9 9 6
3 24 1 1 1 0 0 485 1 6 6 9
3 25 1 1 1 0 0 369 1 9 9 6
4 1 0 1 0 0 0 3000 1 10 10 9
4 2 0 1 0 0 0 3000 3 8 8 10
4 3 1 1 1 0 0 370 1 10 10 8
4 4 1 1 1 0 0 651 1 8 8 10
4 5 0 1 0 0 0 3000 3 4 4 8
4 6 1 1 1 0 0 345 1 8 8 4
4 7 1 1 1 0 0 449 1 4 4 8
4 8 0 1 0 0 0 3000 3 13 13 4
4 9 0 1 0 0 0 3000 2 6 6 13
4 10 0 1 0 0 0 3000 3 7 7 6
4 11 0 1 0 0 0 3000 3 15 15 7
4 12 0 1 0 0 0 3000 3 15 15 15
4 13 0 1 0 0 0 3000 2 2 2 15
4 14 1 1 1 0 0 1072 1 15 15 2
4 15 1 1 1 0 0 674 1 2 2 15
4 16 0 1 0 0 0 3000 3 12 12 2
4 17 0 1 0 0 0 3000 3 10 10 12
4 18 0 1 0 0 0 3000 2 2 2 10
4 19 0 1 0 0 0 3000 2 6 6 2
4 20 0 1 0 0 0 3000 2 7 7 6
4 21 0 1 0 0 0 3000 3 11 11 7
4 22 1 1 1 0 0 654 1 7 7 11
4 23 1 1 1 0 0 710 1 11 11 7
4 24 0 1 0 0 0 3000 3 6 6 11
4 25 0 1 0 0 0 3000 2 2 2 6
5 1 0 1 0 0 0 3000 1 11 11 2
5 2 0 1 0 0 0 3000 2 15 15 11
5 3 1 1 1 0 0 380 1 11 11 15
5 4 0 1 0 0 0 3000 2 8 8 11
5 5 1 1 1 0 0 736 1 11 11 8
5 6 0 1 0 0 0 3000 2 1 1 11
5 7 0 1 0 0 0 3000 3 12 12 1
5 8 1 1 1 0 0 765 1 1 1 12
5 9 0 1 0 0 0 3000 3 4 4 1
5 10 1 1 1 0 0 376 1 1 1 4
5 11 0 1 0 0 0 3000 3 9 9 1
5 12 0 1 0 0 0 3000 3 15 15 9
5 13 0 1 0 0 0 3000 3 6 6 15
5 14 0 1 0 0 0 3000 2 2 2 6
5 15 0 1 0 0 0 3000 2 13 13 2
5 16 1 1 1 0 0 579 1 2 2 13
5 17 0 1 0 0 0 3000 3 3 3 2
5 18 1 1 1 0 0 1329 1 2 2 3
5 19 0 1 0 0 0 3000 2 1 1 2
5 20 0 1 0 0 0 3000 3 3 3 1
5 21 0 1 0 0 0 3000 2 5 5 3
5 22 0 1 0 0 0 3000 3 5 5 5
5 23 0 1 0 0 0 3000 2 4 4 5
5 24 1 1 1 0 0 658 1 5 5 4
5 25 1 1 1 0 0 603 1 4 4 5
