1 1 0 1 0 0 0 3000 1 6 6 0
1 2 0 1 0 0 0 3000 1 8 8 6
1 3 0 1 0 0 0 3000 2 10 10 8
1 4 0 1 0 0 0 3000 2 13 13 10
1 5 1 1 1 0 0 1230 1 10 10 13
1 6 1 0 0 1 0 3000 1 13 13 10
1 7 0 1 0 0 0 3000 2 15 15 13
1 8 0 1 0 0 0 3000 2 6 6 15
1 9 0 1 0 0 0 3000 3 9 9 6
1 10 0 1 0 0 0 3000 3 13 13 9
1 11 1 1 1 0 0 712 1 9 9 13
1 12 0 1 0 0 0 3000 3 8 8 9
1 13 0 1 0 0 0 3000 2 14 14 8
1 14 1 1 1 0 0 476 1 8 8 14
1 15 0 1 0 0 0 3000 3 2 2 8
1 16 0 1 0 0 0 3000 2 2 2 2
1 17 1 1 1 0 0 389 1 2 2 2
1 18 0 1 0 0 0 3000 3 7 7 2
1 19 0 1 0 0 0 3000 3 4 4 7
1 20 0 1 0 0 0 3000 2 2 2 4
1 21 0 1 0 0 0 3000 2 3 3 2
1 22 0 1 0 0 0 3000 3 7 7 3
1 23 1 1 1 0 0 398 1 3 3 7
1 24 0 1 0 0 0 3000 2 9 9 3
1 25 1 0 0 1 0 3000 1 3 3 9
2 1 0 1 0 0 0 3000 2 8 8 3
2 2 0 1 0 0 0 3000 3 13 13 8
2 3 0 1 0 0 0 3000 2 4 4 13
2 4 0 1 0 0 0 3000 3 5 5 4
2 5 0 1 0 0 0 3000 2 5 5 5
2 6 0 1 0 0 0 3000 3 7 7 5
2 7 1 1 1 0 0 590 1 5 5 7
2 8 1 0 0 1 0 3000 1 7 7 5
2 9 0 1 0 0 0 3000 3 10 10 7
2 10 1 1 1 0 0 539 1 7 7 10
2 11 1 0 0 1 0 3000 1 10 10 7
2 12 0 1 0 0 0 3000 2 15 15 10
2 13 0 1 0 0 0 3000 2 7 7 15
2 14 0 1 0 0 0 3000 2 7 7 7
2 15 1 1 1 0 0 461 1 7 7 7
2 16 0 1 0 0 0 3000 3 15 15 7
2 17 0 1 0 0 0 3000 2 3 3 15
2 18 0 1 0 0 0 3000 2 14 14 3
2 19 0 1 0 0 0 3000 2 13 13 14
2 20 1 1 1 0 0 473 1 14 14 13
2 21 1 0 0 1 0 3000 1 13 13 14
2 22 0 1 0 0 0 3000 3 11 11 13
2 23 0 1 0 0 0 3000 2 3 3 11
2 24 1 1 1 0 0 496 1 11 11 3
2 25 0 1 0 0 0 3000 2 10 10 11
3 1 0 1 0 0 0 3000 1 3 3 10
3 2 0 1 0 0 0 3000 3 4 4 3
3 3 0 1 0 0 0 3000 2 5 5 4
3 4 0 1 0 0 0 3000 2 7 7 5
3 5 1 1 1 0 0 511 1 5 5 7
3 6 0 1 0 0 0 3000 3 3 3 5
3 7 0 1 0 0 0 3000 3 10 10 3
3 8 0 1 0 0 0 3000 3 12 12 10
3 9 1 1 1 0 0 475 1 10 10 12
3 10 0 1 0 0 0 3000 3 2 2 10
3 11 0 1 0 0 0 3000 3 12 12 2
3 12 0 1 0 0 0 3000 2 15 15 12
3 13 0 1 0 0 0 3000 3 5 5 15
3 14 0 1 0 0 0 3000 3 10 10 5
3 15 1 1 1 0 0 416 1 5 5 10
3 16 0 1 0 0 0 3000 2 6 6 5
3 17 1 0 0 1 0 3000 1 5 5 6
3 18 0 1 0 0 0 3000 3 11 11 5
3 19 1 1 1 0 0 549 1 5 5 11
3 20 1 0 0 1 0 3000 1 11 11 5
3 21 1 0 0 1 0 3000 1 5 5 11
3 22 1 1 1 0 0 578 1 11 11 5
3 23 0 1 0 0 0 3000 3 7 7 11
3 24 0 1 0 0 0 3000 2 7 7 7
3 25 0 1 0 0 0 3000 3 10 10 7
4 1 0 1 0 0 0 3000 3 12 12 10
4 2 0 1 0 0 0 3000 2 15 15 12
4 3 0 1 0 0 0 3000 3 14 14 15
4 4 1 1 1 0 0 503 1 15 15 14
4 5 1 0 0 1 0 3000 1 14 14 15
4 6 0 1 0 0 0 3000 2 14 14 14
4 7 0 1 0 0 0 3000 3 8 8 14
4 8 1 1 1 0 0 428 1 14 14 8
4 9 1 0 0 1 0 3000 1 8 8 14
4 10 0 1 0 0 0 3000 2 4 4 8
4 11 0 1 0 0 0 3000 2 6 6 4
4 12 0 1 0 0 0 3000 2 9 9 6
4 13 0 1 0 0 0 3000 3 10 10 9
4 14 0 1 0 0 0 3000 2 10 10 10
4 15 0 1 0 0 0 3000 3 9 9 10
4 16 0 1 0 0 0 3000 2 13 13 9
4 17 0 1 0 0 0 3000 2 2 2 13
4 18 1 0 0 1 0 3000 1 13 13 2
4 19 0 1 0 0 0 3000 3 6 6 13
4 20 1 1 1 0 0 456 1 13 13 6
4 21 1 0 0 1 0 3000 1 6 6 13
4 22 0 1 0 0 0 3000 2 2 2 6
4 23 1 1 1 0 0 456 1 6 6 2
4 24 0 1 0 0 0 3000 2 11 11 6
4 25 0 1 0 0 0 3000 3 8 8 11
5 1 0 1 0 0 0 3000 2 1 1 8
5 2 0 1 0 0 0 3000 2 4 4 1
5 3 0 1 0 0 0 3000 2 14 14 4
5 4 1 1 1 0 0 456 1 4 4 14
5 5 0 1 0 0 0 3000 2 13 13 4
5 6 0 1 0 0 0 3000 3 11 11 13
5 7 1 1 1 0 0 455 1 13 13 11
5 8 1 0 0 1 0 3000 1 11 11 13
5 9 0 1 0 0 0 3000 2 11 11 11
5 10 1 1 1 0 0 487 1 11 11 11
5 11 0 1 0 0 0 3000 2 6 6 11
5 12 0 1 0 0 0 3000 3 8 8 6
5 13 1 1 1 0 0 599 1 6 6 8
5 14 0 1 0 0 0 3000 3 6 6 6
5 15 0 1 0 0 0 3000 3 2 2 6
5 16 0 1 0 0 0 3000 3 11 11 2
5 17 0 1 0 0 0 3000 3 4 4 11
5 18 1 1 1 0 0 402 1 11 11 4
5 19 1 0 0 1 0 3000 1 4 4 11
5 20 0 1 0 0 0 3000 2 4 4 4
5 21 0 1 0 0 0 3000 2 6 6 4
5 22 0 1 0 0 0 3000 3 1 1 6
5 23 0 1 0 0 0 3000 2 2 2 1
5 24 1 1 1 0 0 621 1 1 1 2
5 25 1 0 0 1 0 3000 1 2 2 1
