1 1 0 1 0 0 0 3000 2 5 5 0
1 2 0 1 0 0 0 3000 2 10 10 5
1 3 1 0 0 1 0 3000 1 5 5 10
1 4 0 1 0 0 0 3000 2 3 3 5
1 5 0 1 0 0 0 3000 3 10 10 3
1 6 0 1 0 0 0 3000 3 10 10 10
1 7 1 0 0 1 0 3000 1 10 10 10
1 8 0 1 0 0 0 3000 3 2 2 10
1 9 0 1 0 0 0 3000 2 4 4 2
1 10 0 1 0 0 0 3000 2 5 5 4
1 11 0 1 0 0 0 3000 3 7 7 5
1 12 0 1 0 0 0 3000 3 1 1 7
1 13 0 1 0 0 0 3000 3 2 2 1
1 14 0 1 0 0 0 3000 2 9 9 2
1 15 1 0 0 1 0 3000 1 2 2 9
1 16 0 1 0 0 0 3000 2 1 1 2
1 17 1 0 0 1 0 3000 1 2 2 1
1 18 0 1 0 0 0 3000 2 6 6 2
1 19 0 1 0 0 0 3000 2 13 13 6
1 20 1 0 0 1 0 3000 1 6 6 13
1 21 1 0 0 1 0 3000 1 13 13 6
1 22 0 1 0 0 0 3000 3 11 11 13
1 23 0 1 0 0 0 3000 3 7 7 11
1 24 0 1 0 0 0 3000 2 6 6 7
1 25 1 0 0 1 0 3000 1 7 7 6
2 1 0 1 0 0 0 3000 3 14 14 7
2 2 0 1 0 0 0 3000 1 14 14 14
2 3 1 0 0 1 0 3000 1 14 14 14
2 4 1 0 0 1 0 3000 1 14 14 14
2 5 1 0 0 1 0 3000 1 14 14 14
2 6 1 0 0 1 0 3000 1 14 14 14
2 7 0 1 0 0 0 3000 3 8 8 14
2 8 0 1 0 0 0 3000 3 2 2 8
2 9 0 1 0 0 0 3000 3 4 4 2
2 10 0 1 0 0 0 3000 3 7 7 4
2 11 0 1 0 0 0 3000 2 3 3 7
2 12 0 1 0 0 0 3000 2 4 4 3
2 13 0 1 0 0 0 3000 2 11 11 4
2 14 0 1 0 0 0 3000 3 12 12 11
2 15 1 0 0 1 0 3000 1 11 11 12
2 16 0 1 0 0 0 3000 3 4 4 11
2 17 0 1 0 0 0 3000 3 9 9 4
2 18 0 1 0 0 0 3000 3 2 2 9
2 19 1 0 0 1 0 3000 1 9 9 2
2 20 0 1 0 0 0 3000 2 6 6 9
2 21 1 0 0 1 0 3000 1 9 9 6
2 22 0 1 0 0 0 3000 2 9 9 9
2 23 0 1 0 0 0 3000 2 8 8 9
2 24 1 0 0 1 0 3000 1 9 9 8
2 25 0 1 0 0 0 3000 3 1 1 9
3 1 0 1 0 0 0 3000 3 14 14 1
3 2 0 1 0 0 0 3000 2 9 9 14
3 3 0 1 0 0 0 3000 3 10 10 9
3 4 0 1 0 0 0 3000 2 3 3 10
3 5 0 1 0 0 0 3000 2 4 4 3
3 6 1 0 0 1 0 3000 1 3 3 4
3 7 0 1 0 0 0 3000 3 3 3 3
3 8 0 1 0 0 0 3000 3 8 8 3
3 9 0 1 0 0 0 3000 3 12 12 8
3 10 0 1 0 0 0 3000 3 14 14 12
3 11 0 1 0 0 0 3000 2 14 14 14
3 12 0 1 0 0 0 3000 3 11 11 14
3 13 1 0 0 1 0 3000 1 14 14 11
3 14 0 1 0 0 0 3000 2 7 7 14
3 15 1 0 0 1 0 3000 1 14 14 7
3 16 0 1 0 0 0 3000 2 6 6 14
3 17 0 1 0 0 0 3000 2 12 12 6
3 18 0 1 0 0 0 3000 2 5 5 12
3 19 0 1 0 0 0 3000 2 10 10 5
3 20 0 1 0 0 0 3000 2 10 10 10
3 21 1 0 0 1 0 3000 1 10 10 10
3 22 0 1 0 0 0 3000 3 4 4 10
3 23 1 0 0 1 0 3000 1 10 10 4
3 24 1 0 0 1 0 3000 1 4 4 10
3 25 0 1 0 0 0 3000 3 13 13 4
4 1 0 1 0 0 0 3000 3 1 1 13
4 2 0 1 0 0 0 3000 2 8 8 1
4 3 0 1 0 0 0 3000 2 9 9 8
4 4 0 1 0 0 0 3000 2 14 14 9
4 5 0 1 0 0 0 3000 2 11 11 14
4 6 1 0 0 1 0 3000 1 14 14 11
4 7 0 1 0 0 0 3000 2 10 10 14
4 8 0 1 0 0 0 3000 3 1 1 10
4 9 1 0 0 1 0 3000 1 10 10 1
4 10 0 1 0 0 0 3000 3 4 4 10
4 11 1 0 0 1 0 3000 1 10 10 4
4 12 0 1 0 0 0 3000 2 14 14 10
4 13 1 0 0 1 0 3000 1 10 10 14
4 14 0 1 0 0 0 3000 2 1 1 10
4 15 0 1 0 0 0 3000 3 12 12 1
4 16 0 1 0 0 0 3000 2 12 12 12
4 17 1 0 0 1 0 3000 1 12 12 12
4 18 1 0 0 1 0 3000 1 12 12 12
4 19 1 0 0 1 0 3000 1 12 12 12
4 20 0 1 0 0 0 3000 3 6 6 12
4 21 0 1 0 0 0 3000 3 14 14 6
4 22 0 1 0 0 0 3000 2 2 2 14
4 23 0 1 0 0 0 3000 3 4 4 2
4 24 1 0 0 1 0 3000 1 2 2 4
4 25 1 0 0 1 0 3000 1 4 4 2
5 1 0 1 0 0 0 3000 2 14 14 4
5 2 0 1 0 0 0 3000 2 10 10 14
5 3 0 1 0 0 0 3000 3 12 12 10
5 4 1 1 1 0 0 990 1 10 10 12
5 5 1 0 0 1 0 3000 1 12 12 10
5 6 1 1 1 0 0 1051 1 10 10 12
5 7 0 1 0 0 0 3000 3 2 2 10
5 8 0 1 0 0 0 3000 2 8 8 2
5 9 0 1 0 0 0 3000 3 1 1 8
5 10 1 0 0 1 0 3000 1 8 8 1
5 11 0 1 0 0 0 3000 2 8 8 8
5 12 0 0 0 0 1 413 3 2 2 8
5 13 1 0 0 1 0 3000 1 8 8 2
5 14 0 1 0 0 0 3000 2 14 14 8
5 15 1 1 1 0 0 859 1 8 8 14
5 16 0 1 0 0 0 3000 3 15 15 8
5 17 1 0 0 1 0 3000 1 8 8 15
5 18 0 1 0 0 0 3000 2 7 7 8
5 19 0 0 0 0 1 430 2 7 7 7
5 20 0 1 0 0 0 3000 3 6 6 7
5 21 0 0 0 0 1 719 2 14 14 6
5 22 0 1 0 0 0 3000 3 14 14 14
5 23 0 0 0 0 1 1129 2 6 6 14
5 24 0 1 0 0 0 3000 2 7 7 6
5 25 1 1 1 0 0 1218 1 6 6 7
