1 1 0 1 0 0 0 3000 2 14 14 0
1 2 0 1 0 0 0 3000 3 9 9 14
1 3 0 1 0 0 0 3000 2 7 7 9
1 4 0 1 0 0 0 3000 2 15 15 7
1 5 0 1 0 0 0 3000 3 1 1 15
1 6 0 1 0 0 0 3000 2 14 14 1
1 7 1 0 0 1 0 3000 1 1 1 14
1 8 0 1 0 0 0 3000 3 8 8 1
1 9 1 0 0 1 0 3000 1 1 1 8
1 10 1 1 1 0 0 373 1 8 8 1
1 11 0 1 0 0 0 3000 2 2 2 8
1 12 0 1 0 0 0 3000 3 1 1 2
1 13 0 1 0 0 0 3000 3 11 11 1
1 14 0 1 0 0 0 3000 3 10 10 11
1 15 1 1 1 0 0 300 1 11 11 10
1 16 1 0 0 1 0 3000 1 10 10 11
1 17 0 1 0 0 0 3000 3 3 3 10
1 18 0 1 0 0 0 3000 3 7 7 3
1 19 0 1 0 0 0 3000 2 14 14 7
1 20 0 1 0 0 0 3000 3 5 5 14
1 21 1 1 1 0 0 326 1 14 14 5
1 22 1 0 0 1 0 3000 1 5 5 14
1 23 1 0 0 1 0 3000 1 14 14 5
1 24 0 1 0 0 0 3000 3 9 9 14
1 25 1 1 1 0 0 494 1 14 14 9
2 1 0 1 0 0 0 3000 2 10 10 14
2 2 0 1 0 0 0 3000 1 5 5 10
2 3 1 1 1 0 0 354 1 10 10 5
2 4 1 0 0 1 0 3000 1 5 5 10
2 5 0 1 0 0 0 3000 3 1 1 5
2 6 0 1 0 0 0 3000 3 7 7 1
2 7 0 1 0 0 0 3000 2 2 2 7
2 8 0 1 0 0 0 3000 3 1 1 2
2 9 0 1 0 0 0 3000 3 9 9 1
2 10 0 1 0 0 0 3000 3 2 2 9
2 11 0 1 0 0 0 3000 2 2 2 2
2 12 0 1 0 0 0 3000 3 6 6 2
2 13 1 1 1 0 0 486 1 2 2 6
2 14 0 1 0 0 0 3000 2 10 10 2
2 15 1 0 0 1 0 3000 1 2 2 10
2 16 0 1 0 0 0 3000 3 6 6 2
2 17 1 1 1 0 0 349 1 2 2 6
2 18 1 0 0 1 0 3000 1 6 6 2
2 19 0 1 0 0 0 3000 2 12 12 6
2 20 0 1 0 0 0 3000 2 7 7 12
2 21 0 1 0 0 0 3000 2 8 8 7
2 22 0 1 0 0 0 3000 3 1 1 8
2 23 0 1 0 0 0 3000 2 1 1 1
2 24 1 1 1 0 0 587 1 1 1 1
2 25 1 0 0 1 0 3000 1 1 1 1
3 1 0 1 0 0 0 3000 2 6 6 1
3 2 0 1 0 0 0 3000 3 10 10 6
3 3 1 1 1 0 0 618 1 6 6 10
3 4 1 0 0 1 0 3000 1 10 10 6
3 5 0 1 0 0 0 3000 2 12 12 10
3 6 0 1 0 0 0 3000 3 7 7 12
3 7 0 1 0 0 0 3000 2 8 8 7
3 8 1 1 1 0 0 613 1 7 7 8
3 9 0 1 0 0 0 3000 2 2 2 7
3 10 0 1 0 0 0 3000 2 6 6 2
3 11 0 1 0 0 0 3000 3 10 10 6
3 12 0 1 0 0 0 3000 2 15 15 10
3 13 0 1 0 0 0 3000 2 4 4 15
3 14 0 0 0 0 1 519 2 10 10 4
3 15 1 0 0 1 0 3000 1 4 4 10
3 16 0 1 0 0 0 3000 3 12 12 4
3 17 0 0 0 0 1 396 2 11 11 12
3 18 0 1 0 0 0 3000 2 4 4 11
3 19 0 1 0 0 0 3000 3 5 5 4
3 20 0 1 0 0 0 3000 2 1 1 5
3 21 1 1 1 0 0 456 1 5 5 1
3 22 1 0 0 1 0 3000 1 1 1 5
3 23 0 1 0 0 0 3000 3 4 4 1
3 24 0 1 0 0 0 3000 3 10 10 4
3 25 0 1 0 0 0 3000 3 13 13 10
4 1 0 1 0 0 0 3000 3 7 7 13
4 2 0 1 0 0 0 3000 1 3 3 7
4 3 1 1 1 0 0 388 1 7 7 3
4 4 1 0 0 1 0 3000 1 3 3 7
4 5 0 1 0 0 0 3000 2 12 12 3
4 6 1 1 1 0 0 491 1 3 3 12
4 7 1 0 0 1 0 3000 1 12 12 3
4 8 1 0 0 1 0 3000 1 3 3 12
4 9 0 1 0 0 0 3000 3 8 8 3
4 10 0 1 0 0 0 3000 2 4 4 8
4 11 0 1 0 0 0 3000 3 2 2 4
4 12 1 1 1 0 0 357 1 4 4 2
4 13 0 1 0 0 0 3000 2 14 14 4
4 14 1 0 0 1 0 3000 1 4 4 14
4 15 0 1 0 0 0 3000 3 11 11 4
4 16 0 1 0 0 0 3000 3 8 8 11
4 17 1 1 1 0 0 383 1 11 11 8
4 18 0 1 0 0 0 3000 3 3 3 11
4 19 0 1 0 0 0 3000 3 7 7 3
4 20 0 1 0 0 0 3000 2 15 15 7
4 21 0 1 0 0 0 3000 3 9 9 15
4 22 0 1 0 0 0 3000 3 4 4 9
4 23 0 1 0 0 0 3000 2 11 11 4
4 24 0 1 0 0 0 3000 3 1 1 11
4 25 0 1 0 0 0 3000 3 1 1 1
5 1 0 1 0 0 0 3000 3 14 14 1
5 2 0 1 0 0 0 3000 3 11 11 14
5 3 1 1 1 0 0 469 1 14 14 11
5 4 1 0 0 1 0 3000 1 11 11 14
5 5 0 1 0 0 0 3000 2 13 13 11
5 6 1 1 1 0 0 541 1 11 11 13
5 7 1 0 0 1 0 3000 1 13 13 11
5 8 0 1 0 0 0 3000 2 15 15 13
5 9 0 1 0 0 0 3000 3 11 11 15
5 10 1 1 1 0 0 368 1 15 15 11
5 11 0 1 0 0 0 3000 3 12 12 15
5 12 0 1 0 0 0 3000 3 8 8 12
5 13 0 1 0 0 0 3000 2 4 4 8
5 14 0 1 0 0 0 3000 2 11 11 4
5 15 1 1 1 0 0 409 1 4 4 11
5 16 0 1 0 0 0 3000 2 2 2 4
5 17 0 1 0 0 0 3000 2 7 7 2
5 18 1 1 1 0 0 361 1 2 2 7
5 19 1 0 0 1 0 3000 1 7 7 2
5 20 1 0 0 1 0 3000 1 2 2 7
5 21 1 1 1 0 0 364 1 7 7 2
5 22 0 1 0 0 0 3000 2 8 8 7
5 23 0 0 0 0 1 425 3 2 2 8
5 24 0 1 0 0 0 3000 3 6 6 2
5 25 0 1 0 0 0 3000 2 3 3 6
