1 1 0 1 0 0 0 3000 2 14 14 0
1 2 0 1 0 0 0 3000 2 7 7 14
1 3 1 1 1 0 0 578 1 14 14 7
1 4 0 1 0 0 0 3000 2 15 15 14
1 5 0 1 0 0 0 3000 2 1 1 15
1 6 1 1 1 0 0 710 1 15 15 1
1 7 1 0 0 1 0 3000 1 1 1 15
1 8 0 1 0 0 0 3000 2 10 10 1
1 9 0 1 0 0 0 3000 2 2 2 10
1 10 0 1 0 0 0 3000 3 13 13 2
1 11 1 0 0 1 0 3000 1 2 2 13
1 12 0 1 0 0 0 3000 2 14 14 2
1 13 1 0 0 1 0 3000 1 2 2 14
1 14 0 1 0 0 0 3000 3 10 10 2
1 15 1 1 1 0 0 433 1 2 2 10
1 16 0 1 0 0 0 3000 3 8 8 2
1 17 0 1 0 0 0 3000 2 3 3 8
1 18 1 1 1 0 0 867 1 8 8 3
1 19 0 1 0 0 0 3000 2 15 15 8
1 20 0 1 0 0 0 3000 2 14 14 15
1 21 0 1 0 0 0 3000 3 4 4 14
1 22 1 0 0 1 0 3000 1 14 14 4
1 23 1 0 0 1 0 3000 1 4 4 14
1 24 0 1 0 0 0 3000 2 5 5 4
1 25 0 1 0 0 0 3000 3 13 13 5
2 1 0 1 0 0 0 3000 3 3 3 13
2 2 0 1 0 0 0 3000 1 12 12 3
2 3 0 1 0 0 0 3000 3 6 6 12
2 4 0 1 0 0 0 3000 2 1 1 6
2 5 0 1 0 0 0 3000 2 12 12 1
2 6 0 1 0 0 0 3000 3 15 15 12
2 7 1 1 1 0 0 488 1 12 12 15
2 8 0 1 0 0 0 3000 3 7 7 12
2 9 1 0 0 1 0 3000 1 12 12 7
2 10 0 1 0 0 0 3000 2 9 9 12
2 11 0 1 0 0 0 3000 2 3 3 9
2 12 0 1 0 0 0 3000 3 8 8 3
2 13 0 1 0 0 0 3000 3 7 7 8
2 14 1 0 0 1 0 3000 1 8 8 7
2 15 0 1 0 0 0 3000 3 14 14 8
2 16 1 1 1 0 0 1298 1 8 8 14
2 17 0 1 0 0 0 3000 2 2 2 8
2 18 0 1 0 0 0 3000 2 11 11 2
2 19 0 1 0 0 0 3000 2 13 13 11
2 20 0 1 0 0 0 3000 3 3 3 13
2 21 1 0 0 1 0 3000 1 13 13 3
2 22 1 1 1 0 0 787 1 3 3 13
2 23 0 1 0 0 0 3000 3 1 1 3
2 24 0 1 0 0 0 3000 3 13 13 1
2 25 0 1 0 0 0 3000 2 13 13 13
3 1 0 1 0 0 0 3000 1 1 1 13
3 2 0 1 0 0 0 3000 3 15 15 1
3 3 1 1 1 0 0 765 1 1 1 15
3 4 1 0 0 1 0 3000 1 15 15 1
3 5 1 0 0 1 0 3000 1 1 1 15
3 6 1 1 1 0 0 433 1 15 15 1
3 7 1 0 0 1 0 3000 1 1 1 15
3 8 1 0 0 1 0 3000 1 15 15 1
3 9 1 1 1 0 0 449 1 1 1 15
3 10 0 1 0 0 0 3000 2 7 7 1
3 11 1 0 0 1 0 3000 1 1 1 7
3 12 0 1 0 0 0 3000 3 8 8 1
3 13 0 1 0 0 0 3000 3 15 15 8
3 14 0 1 0 0 0 3000 2 4 4 15
3 15 0 1 0 0 0 3000 3 1 1 4
3 16 1 0 0 1 0 3000 1 4 4 1
3 17 0 1 0 0 0 3000 2 7 7 4
3 18 1 1 1 0 0 889 1 4 4 7
3 19 0 1 0 0 0 3000 2 15 15 4
3 20 0 1 0 0 0 3000 2 14 14 15
3 21 1 1 1 0 0 766 1 15 15 14
3 22 0 1 0 0 0 3000 3 2 2 15
3 23 0 1 0 0 0 3000 2 10 10 2
3 24 0 1 0 0 0 3000 2 12 12 10
3 25 0 1 0 0 0 3000 2 2 2 12
4 1 0 1 0 0 0 3000 1 3 3 2
4 2 0 1 0 0 0 3000 1 3 3 3
4 3 0 1 0 0 0 3000 2 12 12 3
4 4 1 0 0 1 0 3000 1 3 3 12
4 5 0 1 0 0 0 3000 2 10 10 3
4 6 0 1 0 0 0 3000 2 9 9 10
4 7 0 1 0 0 0 3000 3 12 12 9
4 8 0 1 0 0 0 3000 3 5 5 12
4 9 0 1 0 0 0 3000 2 10 10 5
4 10 1 0 0 1 0 3000 1 5 5 10
4 11 0 1 0 0 0 3000 3 15 15 5
4 12 0 1 0 0 0 3000 3 12 12 15
4 13 0 1 0 0 0 3000 3 14 14 12
4 14 0 1 0 0 0 3000 2 1 1 14
4 15 0 1 0 0 0 3000 3 3 3 1
4 16 0 1 0 0 0 3000 2 9 9 3
4 17 0 1 0 0 0 3000 3 10 10 9
4 18 0 1 0 0 0 3000 2 7 7 10
4 19 0 1 0 0 0 3000 3 8 8 7
4 20 0 1 0 0 0 3000 2 14 14 8
4 21 0 1 0 0 0 3000 3 4 4 14
4 22 1 0 0 1 0 3000 1 14 14 4
4 23 0 1 0 0 0 3000 2 8 8 14
4 24 0 1 0 0 0 3000 2 5 5 8
4 25 0 1 0 0 0 3000 3 14 14 5
5 1 0 1 0 0 0 3000 3 8 8 14
5 2 0 1 0 0 0 3000 2 5 5 8
5 3 1 1 1 0 0 574 1 8 8 5
5 4 0 1 0 0 0 3000 3 2 2 8
5 5 0 1 0 0 0 3000 3 7 7 2
5 6 1 1 1 0 0 731 1 2 2 7
5 7 0 1 0 0 0 3000 2 8 8 2
5 8 1 0 0 1 0 3000 1 2 2 8
5 9 0 1 0 0 0 3000 2 14 14 2
5 10 0 1 0 0 0 3000 3 11 11 14
5 11 1 0 0 1 0 3000 1 14 14 11
5 12 0 1 0 0 0 3000 3 3 3 14
5 13 0 1 0 0 0 3000 3 12 12 3
5 14 0 1 0 0 0 3000 2 2 2 12
5 15 0 1 0 0 0 3000 2 14 14 2
5 16 0 1 0 0 0 3000 2 6 6 14
5 17 0 1 0 0 0 3000 2 9 9 6
5 18 0 1 0 0 0 3000 3 15 15 9
5 19 0 1 0 0 0 3000 2 3 3 15
5 20 0 1 0 0 0 3000 3 6 6 3
5 21 1 1 1 0 0 538 1 3 3 6
5 22 1 0 0 1 0 3000 1 6 6 3
5 23 1 0 0 1 0 3000 1 3 3 6
5 24 0 1 0 0 0 3000 3 12 12 3
5 25 0 1 0 0 0 3000 2 2 2 12
