1 1 0 1 0 0 0 3000 2 5 5 0
1 2 0 0 0 0 1 685 2 5 5 5
1 3 0 1 0 0 0 3000 2 15 15 5
1 4 0 1 0 0 0 3000 2 15 15 15
1 5 0 1 0 0 0 3000 2 12 12 15
1 6 1 1 1 0 0 377 1 15 15 12
1 7 0 1 0 0 0 3000 2 9 9 15
1 8 0 1 0 0 0 3000 2 1 1 9
1 9 0 1 0 0 0 3000 2 3 3 1
1 10 0 1 0 0 0 3000 3 14 14 3
1 11 0 1 0 0 0 3000 2 1 1 14
1 12 0 1 0 0 0 3000 3 6 6 1
1 13 1 1 1 0 0 579 1 1 1 6
1 14 0 1 0 0 0 3000 2 13 13 1
1 15 1 0 0 1 0 3000 1 1 1 13
1 16 0 1 0 0 0 3000 3 7 7 1
1 17 0 0 0 0 1 556 2 7 7 7
1 18 0 1 0 0 0 3000 2 13 13 7
1 19 0 1 0 0 0 3000 2 1 1 13
1 20 0 1 0 0 0 3000 3 5 5 1
1 21 0 1 0 0 0 3000 3 10 10 5
1 22 0 1 0 0 0 3000 2 9 9 10
1 23 0 1 0 0 0 3000 3 4 4 9
1 24 0 1 0 0 0 3000 2 8 8 4
1 25 1 1 1 0 0 326 1 4 4 8
2 1 0 1 0 0 0 3000 1 13 13 4
2 2 0 1 0 0 0 3000 3 1 1 13
2 3 1 1 1 0 0 363 1 13 13 1
2 4 1 0 0 1 0 3000 1 1 1 13
2 5 0 1 0 0 0 3000 2 7 7 1
2 6 1 1 1 0 0 366 1 1 1 7
2 7 1 0 0 1 0 3000 1 7 7 1
2 8 0 1 0 0 0 3000 2 6 6 7
2 9 0 1 0 0 0 3000 3 11 11 6
2 10 0 1 0 0 0 3000 3 3 3 11
2 11 1 0 0 1 0 3000 1 11 11 3
2 12 1 0 0 1 0 3000 1 3 3 11
2 13 0 0 0 0 1 372 2 7 7 3
2 14 0 1 0 0 0 3000 3 1 1 7
2 15 1 0 0 1 0 3000 1 7 7 1
2 16 1 1 1 0 0 330 1 1 1 7
2 17 0 1 0 0 0 3000 2 11 11 1
2 18 1 0 0 1 0 3000 1 1 1 11
2 19 0 1 0 0 0 3000 2 15 15 1
2 20 1 1 1 0 0 675 1 1 1 15
2 21 1 0 0 1 0 3000 1 15 15 1
2 22 0 1 0 0 0 3000 3 11 11 15
2 23 1 1 1 0 0 351 1 15 15 11
2 24 0 1 0 0 0 3000 3 6 6 15
2 25 0 1 0 0 0 3000 2 4 4 6
3 1 0 1 0 0 0 3000 1 2 2 4
3 2 0 1 0 0 0 3000 2 1 1 2
3 3 0 1 0 0 0 3000 3 10 10 1
3 4 0 1 0 0 0 3000 2 15 15 10
3 5 0 1 0 0 0 3000 2 12 12 15
3 6 0 1 0 0 0 3000 3 8 8 12
3 7 0 1 0 0 0 3000 2 5 5 8
3 8 0 1 0 0 0 3000 3 11 11 5
3 9 1 1 1 0 0 355 1 5 5 11
3 10 1 1 1 0 0 2267 1 11 11 5
3 11 0 0 0 0 1 796 2 10 10 11
3 12 1 1 1 0 0 539 1 11 11 10
3 13 0 0 0 0 1 803 2 2 2 11
3 14 0 1 0 0 0 3000 2 14 14 2
3 15 0 0 0 0 1 717 2 3 3 14
3 16 0 0 0 0 1 744 2 2 2 3
3 17 0 0 0 0 1 879 3 10 10 2
3 18 0 0 0 0 1 860 3 11 11 10
3 19 0 1 0 0 0 3000 3 14 14 11
3 20 1 1 1 0 0 715 1 11 11 14
3 21 1 1 1 0 0 1267 1 14 14 11
3 22 0 1 0 0 0 3000 3 2 2 14
3 23 0 1 0 0 0 3000 2 12 12 2
3 24 1 1 1 0 0 332 1 2 2 12
3 25 0 1 0 0 0 3000 2 1 1 2
4 1 0 1 0 0 0 3000 3 4 4 1
4 2 0 1 0 0 0 3000 2 5 5 4
4 3 1 1 1 0 0 397 1 4 4 5
4 4 1 1 1 0 0 399 1 5 5 4
4 5 1 1 1 0 0 456 1 4 4 5
4 6 0 1 0 0 0 3000 2 6 6 4
4 7 0 1 0 0 0 3000 3 13 13 6
4 8 1 1 1 0 0 388 1 6 6 13
4 9 1 1 1 0 0 357 1 13 13 6
4 10 0 1 0 0 0 3000 2 12 12 13
4 11 0 0 0 0 1 401 2 6 6 12
4 12 1 1 1 0 0 888 1 12 12 6
4 13 0 1 0 0 0 3000 3 4 4 12
4 14 0 1 0 0 0 3000 3 7 7 4
4 15 0 1 0 0 0 3000 2 6 6 7
4 16 1 1 1 0 0 356 1 7 7 6
4 17 0 1 0 0 0 3000 3 4 4 7
4 18 0 1 0 0 0 3000 3 11 11 4
4 19 1 1 1 0 0 399 1 4 4 11
4 20 1 0 0 1 0 3000 1 11 11 4
4 21 0 0 0 0 1 502 2 12 12 11
4 22 0 1 0 0 0 3000 3 2 2 12
4 23 1 1 1 0 0 372 1 12 12 2
4 24 1 1 1 0 0 873 1 2 2 12
4 25 0 1 0 0 0 3000 3 7 7 2
5 1 0 1 0 0 0 3000 2 13 13 7
5 2 0 1 0 0 0 3000 1 14 14 13
5 3 1 1 1 0 0 329 1 13 13 14
5 4 1 1 1 0 0 393 1 14 14 13
5 5 0 1 0 0 0 3000 2 3 3 14
5 6 1 1 1 0 0 411 1 14 14 3
5 7 1 1 1 0 0 410 1 3 3 14
5 8 0 1 0 0 0 3000 3 4 4 3
5 9 1 1 1 0 0 546 1 3 3 4
5 10 0 0 0 0 1 682 2 13 13 3
5 11 0 1 0 0 0 3000 2 12 12 13
5 12 0 1 0 0 0 3000 3 7 7 12
5 13 0 1 0 0 0 3000 3 6 6 7
5 14 1 1 1 0 0 358 1 7 7 6
5 15 1 1 1 0 0 715 1 6 6 7
5 16 1 1 1 0 0 429 1 7 7 6
5 17 0 1 0 0 0 3000 2 11 11 7
5 18 0 0 0 0 1 369 2 6 6 11
5 19 1 1 1 0 0 1128 1 11 11 6
5 20 0 1 0 0 0 3000 3 1 1 11
5 21 0 1 0 0 0 3000 3 15 15 1
5 22 1 1 1 0 0 330 1 1 1 15
5 23 1 1 1 0 0 437 1 15 15 1
5 24 0 1 0 0 0 3000 3 13 13 15
5 25 0 1 0 0 0 3000 2 13 13 13
