1 1 0 1 0 0 0 3000 2 13 13 0
1 2 0 1 0 0 0 3000 3 4 4 13
1 3 0 1 0 0 0 3000 2 3 3 4
1 4 1 1 1 0 0 591 1 4 4 3
1 5 1 1 1 0 0 1399 1 3 3 4
1 6 1 0 0 1 0 3000 1 4 4 3
1 7 0 1 0 0 0 3000 2 8 8 4
1 8 1 0 0 1 0 3000 1 4 4 8
1 9 0 1 0 0 0 3000 2 7 7 4
1 10 0 1 0 0 0 3000 2 14 14 7
1 11 0 1 0 0 0 3000 3 12 12 14
1 12 1 1 1 0 0 486 1 14 14 12
1 13 0 1 0 0 0 3000 3 4 4 14
1 14 1 0 0 1 0 3000 1 14 14 4
1 15 0 1 0 0 0 3000 2 9 9 14
1 16 0 1 0 0 0 3000 2 8 8 9
1 17 1 1 1 0 0 1581 1 9 9 8
1 18 0 1 0 0 0 3000 3 14 14 9
1 19 0 1 0 0 0 3000 3 3 3 14
1 20 0 1 0 0 0 3000 2 13 13 3
1 21 0 1 0 0 0 3000 2 10 10 13
1 22 1 1 1 0 0 562 1 13 13 10
1 23 0 1 0 0 0 3000 2 3 3 13
1 24 0 1 0 0 0 3000 3 5 5 3
1 25 0 1 0 0 0 3000 2 4 4 5
2 1 0 1 0 0 0 3000 1 14 14 4
2 2 0 1 0 0 0 3000 1 1 1 14
2 3 0 1 0 0 0 3000 2 7 7 1
2 4 0 1 0 0 0 3000 2 3 3 7
2 5 1 1 1 0 0 884 1 7 7 3
2 6 0 1 0 0 0 3000 3 8 8 7
2 7 1 0 0 1 0 3000 1 7 7 8
2 8 0 1 0 0 0 3000 2 10 10 7
2 9 0 1 0 0 0 3000 3 6 6 10
2 10 1 1 1 0 0 520 1 10 10 6
2 11 1 1 1 0 0 792 1 6 6 10
2 12 0 1 0 0 0 3000 2 11 11 6
2 13 1 1 1 0 0 1126 1 6 6 11
2 14 1 1 1 0 0 933 1 11 11 6
2 15 0 0 0 0 1 620 2 11 11 11
2 16 0 1 0 0 0 3000 2 8 8 11
2 17 0 1 0 0 0 3000 2 14 14 8
2 18 0 1 0 0 0 3000 2 3 3 14
2 19 1 1 1 0 0 511 1 14 14 3
2 20 0 1 0 0 0 3000 3 7 7 14
2 21 0 1 0 0 0 3000 2 8 8 7
2 22 0 1 0 0 0 3000 2 3 3 8
2 23 0 1 0 0 0 3000 3 13 13 3
2 24 0 1 0 0 0 3000 3 7 7 13
2 25 0 0 0 0 1 1569 2 14 14 7
3 1 0 1 0 0 0 3000 3 14 14 14
3 2 0 1 0 0 0 3000 3 1 1 14
3 3 1 1 1 0 0 638 1 14 14 1
3 4 0 1 0 0 0 3000 3 4 4 14
3 5 1 1 1 0 0 594 1 14 14 4
3 6 1 1 1 0 0 377 1 4 4 14
3 7 1 1 1 0 0 681 1 14 14 4
3 8 0 1 0 0 0 3000 3 7 7 14
3 9 0 1 0 0 0 3000 3 12 12 7
3 10 1 1 1 0 0 1062 1 7 7 12
3 11 1 1 1 0 0 535 1 12 12 7
3 12 0 1 0 0 0 3000 3 11 11 12
3 13 0 1 0 0 0 3000 3 6 6 11
3 14 1 0 0 1 0 3000 1 11 11 6
3 15 0 0 0 0 1 1017 3 8 8 11
3 16 0 1 0 0 0 3000 2 14 14 8
3 17 0 1 0 0 0 3000 3 15 15 14
3 18 0 1 0 0 0 3000 3 4 4 15
3 19 0 1 0 0 0 3000 2 1 1 4
3 20 0 1 0 0 0 3000 2 15 15 1
3 21 0 1 0 0 0 3000 3 3 3 15
3 22 0 1 0 0 0 3000 2 6 6 3
3 23 0 1 0 0 0 3000 3 15 15 6
3 24 0 1 0 0 0 3000 2 9 9 15
3 25 0 0 0 0 1 2702 2 5 5 9
4 1 0 1 0 0 0 3000 1 5 5 5
4 2 0 1 0 0 0 3000 1 3 3 5
4 3 1 1 1 0 0 528 1 5 5 3
4 4 0 1 0 0 0 3000 2 1 1 5
4 5 0 1 0 0 0 3000 3 10 10 1
4 6 1 1 1 0 0 1332 1 1 1 10
4 7 0 0 0 0 1 781 3 6 6 1
4 8 0 1 0 0 0 3000 2 11 11 6
4 9 1 0 0 1 0 3000 1 6 6 11
4 10 0 1 0 0 0 3000 2 13 13 6
4 11 0 1 0 0 0 3000 3 3 3 13
4 12 0 1 0 0 0 3000 3 14 14 3
4 13 0 1 0 0 0 3000 2 9 9 14
4 14 0 0 0 0 1 717 3 6 6 9
4 15 1 1 1 0 0 699 1 9 9 6
4 16 1 1 1 0 0 510 1 6 6 9
4 17 1 1 1 0 0 468 1 9 9 6
4 18 0 1 0 0 0 3000 3 8 8 9
4 19 0 0 0 0 1 495 3 8 8 8
4 20 1 1 1 0 0 609 1 8 8 8
4 21 0 1 0 0 0 3000 2 7 7 8
4 22 1 1 1 0 0 849 1 8 8 7
4 23 0 1 0 0 0 3000 2 11 11 8
4 24 0 1 0 0 0 3000 3 12 12 11
4 25 0 1 0 0 0 3000 2 9 9 12
5 1 0 1 0 0 0 3000 2 7 7 9
5 2 0 1 0 0 0 3000 2 5 5 7
5 3 0 1 0 0 0 3000 2 3 3 5
5 4 0 1 0 0 0 3000 3 14 14 3
5 5 0 1 0 0 0 3000 2 10 10 14
5 6 1 1 1 0 0 334 1 14 14 10
5 7 1 1 1 0 0 694 1 10 10 14
5 8 0 1 0 0 0 3000 2 6 6 10
5 9 0 1 0 0 0 3000 2 3 3 6
5 10 0 1 0 0 0 3000 3 11 11 3
5 11 1 1 1 0 0 664 1 3 3 11
5 12 0 1 0 0 0 3000 2 3 3 3
5 13 0 1 0 0 0 3000 3 5 5 3
5 14 0 1 0 0 0 3000 3 10 10 5
5 15 0 0 0 0 1 596 3 10 10 10
5 16 0 1 0 0 0 3000 2 2 2 10
5 17 0 1 0 0 0 3000 3 14 14 2
5 18 0 1 0 0 0 3000 2 1 1 14
5 19 1 1 1 0 0 464 1 14 14 1
5 20 0 1 0 0 0 3000 3 7 7 14
5 21 0 1 0 0 0 3000 3 11 11 7
5 22 1 1 1 0 0 752 1 7 7 11
5 23 1 1 1 0 0 503 1 11 11 7
5 24 1 1 1 0 0 355 1 7 7 11
5 25 0 1 0 0 0 3000 3 1 1 7
