1 1 0 1 0 0 0 3000 2 5 5 0
1 2 0 1 0 0 0 3000 2 15 15 5
1 3 0 1 0 0 0 3000 3 3 3 15
1 4 0 1 0 0 0 3000 2 14 14 3
1 5 0 1 0 0 0 3000 3 4 4 14
1 6 0 1 0 0 0 3000 3 12 12 4
1 7 0 1 0 0 0 3000 2 2 2 12
1 8 0 1 0 0 0 3000 3 1 1 2
1 9 0 1 0 0 0 3000 2 10 10 1
1 10 0 1 0 0 0 3000 2 11 11 10
1 11 1 1 1 0 0 454 1 10 10 11
1 12 0 1 0 0 0 3000 2 9 9 10
1 13 0 1 0 0 0 3000 2 3 3 9
1 14 1 1 1 0 0 780 1 9 9 3
1 15 0 1 0 0 0 3000 2 14 14 9
1 16 0 1 0 0 0 3000 3 8 8 14
1 17 1 1 1 0 0 432 1 14 14 8
1 18 0 1 0 0 0 3000 2 2 2 14
1 19 0 1 0 0 0 3000 2 1 1 2
1 20 0 1 0 0 0 3000 2 11 11 1
1 21 0 1 0 0 0 3000 3 6 6 11
1 22 1 1 1 0 0 632 1 11 11 6
1 23 1 0 0 1 0 3000 1 6 6 11
1 24 0 1 0 0 0 3000 2 13 13 6
1 25 0 1 0 0 0 3000 3 3 3 13
2 1 0 1 0 0 0 3000 1 5 5 3
2 2 0 1 0 0 0 3000 3 6 6 5
2 3 1 1 1 0 0 581 1 5 5 6
2 4 0 1 0 0 0 3000 2 11 11 5
2 5 0 1 0 0 0 3000 2 9 9 11
2 6 0 1 0 0 0 3000 2 1 1 9
2 7 1 1 1 0 0 489 1 9 9 1
2 8 0 1 0 0 0 3000 3 14 14 9
2 9 0 1 0 0 0 3000 3 4 4 14
2 10 0 1 0 0 0 3000 2 3 3 4
2 11 1 1 1 0 0 327 1 4 4 3
2 12 1 0 0 1 0 3000 1 3 3 4
2 13 1 0 0 1 0 3000 1 4 4 3
2 14 0 1 0 0 0 3000 3 5 5 4
2 15 0 1 0 0 0 3000 2 10 10 5
2 16 0 1 0 0 0 3000 3 6 6 10
2 17 0 1 0 0 0 3000 3 3 3 6
2 18 1 1 1 0 0 552 1 6 6 3
2 19 0 1 0 0 0 3000 2 10 10 6
2 20 0 1 0 0 0 3000 3 7 7 10
2 21 0 1 0 0 0 3000 3 3 3 7
2 22 0 1 0 0 0 3000 2 10 10 3
2 23 0 1 0 0 0 3000 2 5 5 10
2 24 0 1 0 0 0 3000 2 14 14 5
2 25 0 1 0 0 0 3000 2 15 15 14
3 1 0 1 0 0 0 3000 2 2 2 15
3 2 0 1 0 0 0 3000 1 2 2 2
3 3 1 1 1 0 0 485 1 2 2 2
3 4 0 1 0 0 0 3000 3 10 10 2
3 5 0 1 0 0 0 3000 2 6 6 10
3 6 0 1 0 0 0 3000 3 1 1 6
3 7 0 1 0 0 0 3000 3 3 3 1
3 8 0 0 0 0 1 794 2 10 10 3
3 9 1 0 0 1 0 3000 1 3 3 10
3 10 0 1 0 0 0 3000 2 4 4 3
3 11 0 0 0 0 1 695 3 4 4 4
3 12 0 1 0 0 0 3000 3 8 8 4
3 13 1 0 0 1 0 3000 1 4 4 8
3 14 1 1 1 0 0 460 1 8 8 4
3 15 1 0 0 1 0 3000 1 4 4 8
3 16 1 0 0 1 0 3000 1 8 8 4
3 17 1 1 1 0 0 538 1 4 4 8
3 18 0 1 0 0 0 3000 3 3 3 4
3 19 1 0 0 1 0 3000 1 4 4 3
3 20 0 1 0 0 0 3000 3 6 6 4
3 21 0 1 0 0 0 3000 3 11 11 6
3 22 0 1 0 0 0 3000 2 15 15 11
3 23 0 1 0 0 0 3000 2 14 14 15
3 24 0 1 0 0 0 3000 3 4 4 14
3 25 0 1 0 0 0 3000 3 11 11 4
4 1 0 1 0 0 0 3000 3 7 7 11
4 2 0 1 0 0 0 3000 3 9 9 7
4 3 0 1 0 0 0 3000 3 15 15 9
4 4 0 1 0 0 0 3000 3 14 14 15
4 5 1 1 1 0 0 581 1 15 15 14
4 6 0 1 0 0 0 3000 2 4 4 15
4 7 1 1 1 0 0 693 1 15 15 4
4 8 0 1 0 0 0 3000 2 3 3 15
4 9 0 1 0 0 0 3000 3 5 5 3
4 10 0 1 0 0 0 3000 3 10 10 5
4 11 0 1 0 0 0 3000 2 10 10 10
4 12 0 1 0 0 0 3000 3 1 1 10
4 13 1 1 1 0 0 1006 1 10 10 1
4 14 0 1 0 0 0 3000 3 9 9 10
4 15 0 1 0 0 0 3000 2 3 3 9
4 16 0 0 0 0 1 834 3 10 10 3
4 17 1 0 0 1 0 3000 1 3 3 10
4 18 0 1 0 0 0 3000 2 15 15 3
4 19 1 1 1 0 0 1519 1 3 3 15
4 20 0 1 0 0 0 3000 3 11 11 3
4 21 0 1 0 0 0 3000 2 8 8 11
4 22 1 1 1 0 0 629 1 11 11 8
4 23 1 0 0 1 0 3000 1 8 8 11
4 24 0 1 0 0 0 3000 3 3 3 8
4 25 0 1 0 0 0 3000 3 3 3 3
5 1 0 1 0 0 0 3000 1 5 5 3
5 2 0 1 0 0 0 3000 3 15 15 5
5 3 0 1 0 0 0 3000 2 10 10 15
5 4 1 1 1 0 0 541 1 15 15 10
5 5 0 1 0 0 0 3000 2 11 11 15
5 6 0 1 0 0 0 3000 3 8 8 11
5 7 0 1 0 0 0 3000 2 3 3 8
5 8 0 1 0 0 0 3000 3 3 3 3
5 9 1 1 1 0 0 456 1 3 3 3
5 10 1 1 1 0 0 1426 1 3 3 3
5 11 1 1 1 0 0 1401 1 3 3 3
5 12 0 1 0 0 0 3000 3 13 13 3
5 13 1 1 1 0 0 415 1 3 3 13
5 14 0 1 0 0 0 3000 2 15 15 3
5 15 1 1 1 0 0 550 1 3 3 15
5 16 0 1 0 0 0 3000 3 7 7 3
5 17 0 1 0 0 0 3000 3 9 9 7
5 18 0 1 0 0 0 3000 2 8 8 9
5 19 0 1 0 0 0 3000 3 15 15 8
5 20 0 1 0 0 0 3000 3 2 2 15
5 21 0 1 0 0 0 3000 3 12 12 2
5 22 1 1 1 0 0 406 1 2 2 12
5 23 1 1 1 0 0 1181 1 12 12 2
5 24 0 1 0 0 0 3000 2 9 9 12
5 25 0 1 0 0 0 3000 2 5 5 9
