1 1 0 1 0 0 0 3000 2 6 6 0
1 2 0 1 0 0 0 3000 3 1 1 6
1 3 0 1 0 0 0 3000 3 4 4 1
1 4 0 1 0 0 0 3000 3 7 7 4
1 5 0 1 0 0 0 3000 3 13 13 7
1 6 0 1 0 0 0 3000 2 8 8 13
1 7 1 1 1 0 0 403 1 13 13 8
1 8 0 1 0 0 0 3000 3 7 7 13
1 9 0 1 0 0 0 3000 3 2 2 7
1 10 0 1 0 0 0 3000 2 1 1 2
1 11 0 1 0 0 0 3000 2 3 3 1
1 12 1 1 1 0 0 529 1 1 1 3
1 13 0 1 0 0 0 3000 2 11 11 1
1 14 0 1 0 0 0 3000 2 3 3 11
1 15 1 0 0 1 0 3000 1 11 11 3
1 16 0 0 0 0 1 1460 3 11 11 11
1 17 0 1 0 0 0 3000 2 14 14 11
1 18 0 1 0 0 0 3000 2 1 1 14
1 19 0 1 0 0 0 3000 2 8 8 1
1 20 0 1 0 0 0 3000 3 7 7 8
1 21 0 1 0 0 0 3000 3 11 11 7
1 22 0 1 0 0 0 3000 2 4 4 11
1 23 0 1 0 0 0 3000 3 12 12 4
1 24 1 1 1 0 0 394 1 4 4 12
1 25 0 1 0 0 0 3000 2 4 4 4
2 1 0 1 0 0 0 3000 2 15 15 4
2 2 0 1 0 0 0 3000 2 12 12 15
2 3 1 1 1 0 0 603 1 15 15 12
2 4 0 1 0 0 0 3000 3 15 15 15
2 5 1 0 0 1 0 3000 1 15 15 15
2 6 0 1 0 0 0 3000 2 8 8 15
2 7 0 1 0 0 0 3000 2 1 1 8
2 8 0 1 0 0 0 3000 3 7 7 1
2 9 0 1 0 0 0 3000 3 14 14 7
2 10 0 1 0 0 0 3000 3 15 15 14
2 11 1 1 1 0 0 514 1 14 14 15
2 12 0 1 0 0 0 3000 2 7 7 14
2 13 0 1 0 0 0 3000 3 2 2 7
2 14 0 1 0 0 0 3000 2 5 5 2
2 15 1 1 1 0 0 614 1 2 2 5
2 16 1 0 0 1 0 3000 1 5 5 2
2 17 0 1 0 0 0 3000 3 11 11 5
2 18 0 1 0 0 0 3000 2 13 13 11
2 19 0 1 0 0 0 3000 2 1 1 13
2 20 0 1 0 0 0 3000 3 12 12 1
2 21 0 1 0 0 0 3000 3 2 2 12
2 22 0 1 0 0 0 3000 3 4 4 2
2 23 1 1 1 0 0 718 1 2 2 4
2 24 0 1 0 0 0 3000 2 9 9 2
2 25 0 1 0 0 0 3000 3 14 14 9
3 1 0 1 0 0 0 3000 3 14 14 14
3 2 0 1 0 0 0 3000 1 7 7 14
3 3 0 1 0 0 0 3000 2 1 1 7
3 4 0 1 0 0 0 3000 3 1 1 1
3 5 1 1 1 0 0 548 1 1 1 1
3 6 0 1 0 0 0 3000 3 3 3 1
3 7 0 1 0 0 0 3000 2 8 8 3
3 8 0 1 0 0 0 3000 3 13 13 8
3 9 0 1 0 0 0 3000 2 11 11 13
3 10 1 1 1 0 0 493 1 13 13 11
3 11 0 1 0 0 0 3000 3 13 13 13
3 12 0 1 0 0 0 3000 2 12 12 13
3 13 1 1 1 0 0 768 1 13 13 12
3 14 0 1 0 0 0 3000 3 15 15 13
3 15 1 0 0 1 0 3000 1 13 13 15
3 16 1 1 1 0 0 412 1 15 15 13
3 17 0 1 0 0 0 3000 2 10 10 15
3 18 0 1 0 0 0 3000 2 13 13 10
3 19 0 1 0 0 0 3000 2 5 5 13
3 20 0 1 0 0 0 3000 3 4 4 5
3 21 0 1 0 0 0 3000 2 3 3 4
3 22 0 1 0 0 0 3000 3 13 13 3
3 23 0 1 0 0 0 3000 2 12 12 13
3 24 0 1 0 0 0 3000 2 1 1 12
3 25 1 1 1 0 0 395 1 12 12 1
4 1 0 1 0 0 0 3000 2 2 2 12
4 2 0 1 0 0 0 3000 1 1 1 2
4 3 0 1 0 0 0 3000 3 1 1 1
4 4 0 1 0 0 0 3000 2 15 15 1
4 5 0 1 0 0 0 3000 2 13 13 15
4 6 0 1 0 0 0 3000 2 3 3 13
4 7 0 1 0 0 0 3000 2 14 14 3
4 8 0 1 0 0 0 3000 2 13 13 14
4 9 1 1 1 0 0 578 1 14 14 13
4 10 0 1 0 0 0 3000 3 8 8 14
4 11 0 1 0 0 0 3000 3 10 10 8
4 12 0 1 0 0 0 3000 3 5 5 10
4 13 0 1 0 0 0 3000 3 2 2 5
4 14 0 1 0 0 0 3000 3 3 3 2
4 15 1 1 1 0 0 499 1 2 2 3
4 16 0 1 0 0 0 3000 2 13 13 2
4 17 0 1 0 0 0 3000 3 4 4 13
4 18 0 1 0 0 0 3000 2 6 6 4
4 19 0 1 0 0 0 3000 3 10 10 6
4 20 1 1 1 0 0 547 1 6 6 10
4 21 0 1 0 0 0 3000 3 9 9 6
4 22 0 1 0 0 0 3000 3 11 11 9
4 23 0 1 0 0 0 3000 2 1 1 11
4 24 0 1 0 0 0 3000 3 1 1 1
4 25 0 1 0 0 0 3000 3 5 5 1
5 1 0 1 0 0 0 3000 1 12 12 5
5 2 0 1 0 0 0 3000 3 13 13 12
5 3 0 1 0 0 0 3000 3 9 9 13
5 4 0 1 0 0 0 3000 2 4 4 9
5 5 0 1 0 0 0 3000 2 3 3 4
5 6 0 1 0 0 0 3000 3 2 2 3
5 7 1 1 1 0 0 311 1 3 3 2
5 8 0 1 0 0 0 3000 3 11 11 3
5 9 1 0 0 1 0 3000 1 3 3 11
5 10 0 1 0 0 0 3000 3 10 10 3
5 11 0 1 0 0 0 3000 3 8 8 10
5 12 0 1 0 0 0 3000 3 4 4 8
5 13 0 1 0 0 0 3000 2 4 4 4
5 14 0 1 0 0 0 3000 2 9 9 4
5 15 0 1 0 0 0 3000 3 11 11 9
5 16 0 1 0 0 0 3000 3 14 14 11
5 17 1 0 0 1 0 3000 1 11 11 14
5 18 0 1 0 0 0 3000 2 15 15 11
5 19 0 1 0 0 0 3000 3 4 4 15
5 20 0 1 0 0 0 3000 2 9 9 4
5 21 1 1 1 0 0 420 1 4 4 9
5 22 0 1 0 0 0 3000 2 4 4 4
5 23 0 1 0 0 0 3000 3 11 11 4
5 24 1 1 1 0 0 563 1 4 4 11
5 25 0 1 0 0 0 3000 2 5 5 4
