1 1 0 1 0 0 0 3000 3 8 8 0
1 2 0 1 0 0 0 3000 2 4 4 8
1 3 1 1 1 0 0 638 1 8 8 4
1 4 0 1 0 0 0 3000 2 1 1 8
1 5 0 1 0 0 0 3000 3 3 3 1
1 6 1 1 1 0 0 496 1 1 1 3
1 7 0 1 0 0 0 3000 2 11 11 1
1 8 0 1 0 0 0 3000 3 7 7 11
1 9 0 1 0 0 0 3000 2 13 13 7
1 10 0 1 0 0 0 3000 3 15 15 13
1 11 0 0 0 0 1 919 2 15 15 15
1 12 0 1 0 0 0 3000 2 3 3 15
1 13 0 1 0 0 0 3000 3 4 4 3
1 14 1 1 1 0 0 765 1 3 3 4
1 15 0 1 0 0 0 3000 3 5 5 3
1 16 0 1 0 0 0 3000 3 1 1 5
1 17 0 1 0 0 0 3000 2 10 10 1
1 18 0 1 0 0 0 3000 2 2 2 10
1 19 1 1 1 0 0 420 1 10 10 2
1 20 0 1 0 0 0 3000 3 12 12 10
1 21 0 1 0 0 0 3000 2 4 4 12
1 22 0 1 0 0 0 3000 2 2 2 4
1 23 0 1 0 0 0 3000 2 11 11 2
1 24 0 1 0 0 0 3000 2 11 11 11
1 25 0 1 0 0 0 3000 3 13 13 11
2 1 0 1 0 0 0 3000 1 12 12 13
2 2 0 1 0 0 0 3000 1 15 15 12
2 3 0 1 0 0 0 3000 2 2 2 15
2 4 0 1 0 0 0 3000 3 5 5 2
2 5 0 1 0 0 0 3000 2 4 4 5
2 6 1 1 1 0 0 580 1 5 5 4
2 7 1 0 0 1 0 3000 1 4 4 5
2 8 0 1 0 0 0 3000 3 9 9 4
2 9 1 1 1 0 0 1176 1 4 4 9
2 10 0 1 0 0 0 3000 3 8 8 4
2 11 0 1 0 0 0 3000 2 12 12 8
2 12 0 1 0 0 0 3000 3 14 14 12
2 13 0 1 0 0 0 3000 2 7 7 14
2 14 0 1 0 0 0 3000 2 2 2 7
2 15 0 1 0 0 0 3000 2 8 8 2
2 16 0 1 0 0 0 3000 3 10 10 8
2 17 0 1 0 0 0 3000 3 14 14 10
2 18 0 1 0 0 0 3000 2 13 13 14
2 19 1 1 1 0 0 653 1 14 14 13
2 20 0 1 0 0 0 3000 3 5 5 14
2 21 0 1 0 0 0 3000 2 4 4 5
2 22 0 1 0 0 0 3000 3 10 10 4
2 23 1 1 1 0 0 714 1 4 4 10
2 24 0 1 0 0 0 3000 2 8 8 4
2 25 0 1 0 0 0 3000 2 10 10 8
3 1 0 1 0 0 0 3000 2 3 3 10
3 2 0 1 0 0 0 3000 2 6 6 3
3 3 0 1 0 0 0 3000 3 4 4 6
3 4 0 1 0 0 0 3000 2 15 15 4
3 5 0 1 0 0 0 3000 2 2 2 15
3 6 1 1 1 0 0 778 1 15 15 2
3 7 0 1 0 0 0 3000 3 7 7 15
3 8 0 1 0 0 0 3000 3 10 10 7
3 9 0 1 0 0 0 3000 3 1 1 10
3 10 0 1 0 0 0 3000 2 6 6 1
3 11 0 1 0 0 0 3000 3 15 15 6
3 12 0 1 0 0 0 3000 3 10 10 15
3 13 0 1 0 0 0 3000 3 7 7 10
3 14 1 1 1 0 0 545 1 10 10 7
3 15 0 1 0 0 0 3000 2 11 11 10
3 16 0 1 0 0 0 3000 3 13 13 11
3 17 0 1 0 0 0 3000 3 12 12 13
3 18 0 1 0 0 0 3000 3 14 14 12
3 19 0 1 0 0 0 3000 3 15 15 14
3 20 1 1 1 0 0 451 1 14 14 15
3 21 0 1 0 0 0 3000 2 4 4 14
3 22 0 1 0 0 0 3000 3 15 15 4
3 23 0 1 0 0 0 3000 3 1 1 15
3 24 0 1 0 0 0 3000 2 2 2 1
3 25 0 1 0 0 0 3000 2 9 9 2
4 1 0 1 0 0 0 3000 1 11 11 9
4 2 0 1 0 0 0 3000 2 12 12 11
4 3 0 1 0 0 0 3000 3 1 1 12
4 4 0 1 0 0 0 3000 2 2 2 1
4 5 1 1 1 0 0 785 1 1 1 2
4 6 0 1 0 0 0 3000 3 7 7 1
4 7 0 1 0 0 0 3000 3 8 8 7
4 8 0 1 0 0 0 3000 3 9 9 8
4 9 1 1 1 0 0 629 1 8 8 9
4 10 0 1 0 0 0 3000 3 4 4 8
4 11 1 0 0 1 0 3000 1 8 8 4
4 12 1 1 1 0 0 659 1 4 4 8
4 13 0 1 0 0 0 3000 2 13 13 4
4 14 0 1 0 0 0 3000 3 6 6 13
4 15 1 1 1 0 0 617 1 13 13 6
4 16 1 0 0 1 0 3000 1 6 6 13
4 17 1 0 0 1 0 3000 1 13 13 6
4 18 0 1 0 0 0 3000 3 2 2 13
4 19 1 1 1 0 0 415 1 13 13 2
4 20 0 1 0 0 0 3000 2 4 4 13
4 21 1 0 0 1 0 3000 1 13 13 4
4 22 1 1 1 0 0 498 1 4 4 13
4 23 0 1 0 0 0 3000 2 14 14 4
4 24 1 0 0 1 0 3000 1 4 4 14
4 25 0 1 0 0 0 3000 3 11 11 4
5 1 0 1 0 0 0 3000 3 1 1 11
5 2 0 1 0 0 0 3000 2 6 6 1
5 3 0 1 0 0 0 3000 2 4 4 6
5 4 1 1 1 0 0 790 1 6 6 4
5 5 0 1 0 0 0 3000 2 9 9 6
5 6 0 1 0 0 0 3000 2 5 5 9
5 7 0 1 0 0 0 3000 3 14 14 5
5 8 0 1 0 0 0 3000 3 7 7 14
5 9 1 1 1 0 0 597 1 14 14 7
5 10 0 1 0 0 0 3000 3 15 15 14
5 11 0 1 0 0 0 3000 2 11 11 15
5 12 0 1 0 0 0 3000 2 6 6 11
5 13 0 1 0 0 0 3000 2 12 12 6
5 14 0 1 0 0 0 3000 3 3 3 12
5 15 1 1 1 0 0 575 1 12 12 3
5 16 0 1 0 0 0 3000 3 11 11 12
5 17 1 0 0 1 0 3000 1 12 12 11
5 18 1 1 1 0 0 556 1 11 11 12
5 19 1 0 0 1 0 3000 1 12 12 11
5 20 0 1 0 0 0 3000 3 5 5 12
5 21 1 1 1 0 0 711 1 12 12 5
5 22 1 0 0 1 0 3000 1 5 5 12
5 23 0 1 0 0 0 3000 2 2 2 5
5 24 0 1 0 0 0 3000 3 10 10 2
5 25 1 1 1 0 0 605 1 2 2 10
