1 1 0 1 0 0 0 3000 2 11 11 0
1 2 0 1 0 0 0 3000 3 2 2 11
1 3 0 1 0 0 0 3000 2 7 7 2
1 4 0 1 0 0 0 3000 2 3 3 7
1 5 1 1 1 0 0 826 1 7 7 3
1 6 0 1 0 0 0 3000 3 15 15 7
1 7 0 1 0 0 0 3000 3 6 6 15
1 8 0 1 0 0 0 3000 2 12 12 6
1 9 1 1 1 0 0 2942 1 6 6 12
1 10 0 1 0 0 0 3000 2 9 9 6
1 11 0 1 0 0 0 3000 3 11 11 9
1 12 0 1 0 0 0 3000 2 14 14 11
1 13 1 1 1 0 0 1000 1 11 11 14
1 14 1 1 1 0 0 1111 1 14 14 11
1 15 0 1 0 0 0 3000 2 10 10 14
1 16 1 1 1 0 0 997 1 14 14 10
1 17 0 1 0 0 0 3000 2 1 1 14
1 18 0 1 0 0 0 3000 3 7 7 1
1 19 0 1 0 0 0 3000 3 8 8 7
1 20 1 1 1 0 0 385 1 7 7 8
1 21 0 1 0 0 0 3000 2 11 11 7
1 22 0 1 0 0 0 3000 3 10 10 11
1 23 0 1 0 0 0 3000 2 3 3 10
1 24 1 1 1 0 0 455 1 10 10 3
1 25 0 1 0 0 0 3000 2 13 13 10
2 1 0 1 0 0 0 3000 1 6 6 13
2 2 0 1 0 0 0 3000 3 10 10 6
2 3 0 1 0 0 0 3000 2 2 2 10
2 4 0 1 0 0 0 3000 3 2 2 2
2 5 1 1 1 0 0 662 1 2 2 2
2 6 0 1 0 0 0 3000 2 6 6 2
2 7 1 1 1 0 0 523 1 2 2 6
2 8 0 1 0 0 0 3000 2 9 9 2
2 9 1 1 1 0 0 914 1 2 2 9
2 10 1 1 1 0 0 965 1 9 9 2
2 11 0 1 0 0 0 3000 3 15 15 9
2 12 1 1 1 0 0 1166 1 9 9 15
2 13 1 1 1 0 0 606 1 15 15 9
2 14 0 1 0 0 0 3000 2 3 3 15
2 15 0 1 0 0 0 3000 3 8 8 3
2 16 0 1 0 0 0 3000 3 8 8 8
2 17 0 1 0 0 0 3000 3 3 3 8
2 18 1 1 1 0 0 592 1 8 8 3
2 19 1 1 1 0 0 544 1 3 3 8
2 20 0 1 0 0 0 3000 3 3 3 3
2 21 0 1 0 0 0 3000 3 14 14 3
2 22 0 1 0 0 0 3000 2 13 13 14
2 23 0 1 0 0 0 3000 3 12 12 13
2 24 0 1 0 0 0 3000 2 6 6 12
2 25 0 1 0 0 0 3000 2 1 1 6
3 1 0 1 0 0 0 3000 2 13 13 1
3 2 0 1 0 0 0 3000 3 6 6 13
3 3 0 1 0 0 0 3000 3 7 7 6
3 4 0 1 0 0 0 3000 3 15 15 7
3 5 0 1 0 0 0 3000 3 9 9 15
3 6 1 1 1 0 0 372 1 15 15 9
3 7 0 1 0 0 0 3000 2 10 10 15
3 8 0 1 0 0 0 3000 3 4 4 10
3 9 0 1 0 0 0 3000 2 9 9 4
3 10 1 1 1 0 0 382 1 4 4 9
3 11 1 0 0 1 0 3000 1 9 9 4
3 12 1 1 1 0 0 884 1 4 4 9
3 13 0 1 0 0 0 3000 2 8 8 4
3 14 1 1 1 0 0 444 1 4 4 8
3 15 0 1 0 0 0 3000 2 1 1 4
3 16 0 1 0 0 0 3000 2 3 3 1
3 17 0 1 0 0 0 3000 2 13 13 3
3 18 1 1 1 0 0 382 1 3 3 13
3 19 0 1 0 0 0 3000 2 7 7 3
3 20 1 1 1 0 0 636 1 3 3 7
3 21 1 1 1 0 0 548 1 7 7 3
3 22 0 1 0 0 0 3000 3 4 4 7
3 23 0 1 0 0 0 3000 3 6 6 4
3 24 1 1 1 0 0 385 1 4 4 6
3 25 0 1 0 0 0 3000 2 4 4 4
4 1 0 1 0 0 0 3000 1 9 9 4
4 2 0 1 0 0 0 3000 2 11 11 9
4 3 0 1 0 0 0 3000 2 10 10 11
4 4 0 1 0 0 0 3000 2 4 4 10
4 5 0 1 0 0 0 3000 2 7 7 4
4 6 0 1 0 0 0 3000 2 6 6 7
4 7 1 1 1 0 0 375 1 7 7 6
4 8 1 1 1 0 0 457 1 6 6 7
4 9 0 1 0 0 0 3000 3 9 9 6
4 10 0 1 0 0 0 3000 2 1 1 9
4 11 1 1 1 0 0 357 1 9 9 1
4 12 1 1 1 0 0 383 1 1 1 9
4 13 1 1 1 0 0 889 1 9 9 1
4 14 0 1 0 0 0 3000 3 7 7 9
4 15 0 1 0 0 0 3000 2 2 2 7
4 16 0 1 0 0 0 3000 3 2 2 2
4 17 0 1 0 0 0 3000 3 11 11 2
4 18 0 1 0 0 0 3000 3 12 12 11
4 19 1 1 1 0 0 410 1 11 11 12
4 20 1 1 1 0 0 452 1 12 12 11
4 21 1 1 1 0 0 465 1 11 11 12
4 22 1 1 1 0 0 544 1 12 12 11
4 23 0 1 0 0 0 3000 3 2 2 12
4 24 1 1 1 0 0 574 1 12 12 2
4 25 0 1 0 0 0 3000 3 4 4 12
5 1 0 1 0 0 0 3000 3 6 6 4
5 2 0 1 0 0 0 3000 3 13 13 6
5 3 0 1 0 0 0 3000 3 7 7 13
5 4 0 1 0 0 0 3000 2 3 3 7
5 5 1 1 1 0 0 367 1 7 7 3
5 6 0 1 0 0 0 3000 2 4 4 7
5 7 0 1 0 0 0 3000 3 2 2 4
5 8 0 1 0 0 0 3000 2 1 1 2
5 9 1 1 1 0 0 378 1 2 2 1
5 10 0 1 0 0 0 3000 2 9 9 2
5 11 1 1 1 0 0 529 1 2 2 9
5 12 1 1 1 0 0 609 1 9 9 2
5 13 0 1 0 0 0 3000 2 6 6 9
5 14 0 1 0 0 0 3000 2 6 6 6
5 15 0 1 0 0 0 3000 2 5 5 6
5 16 1 1 1 0 0 379 1 6 6 5
5 17 0 1 0 0 0 3000 2 1 1 6
5 18 1 1 1 0 0 471 1 6 6 1
5 19 0 1 0 0 0 3000 3 6 6 6
5 20 0 1 0 0 0 3000 3 8 8 6
5 21 0 1 0 0 0 3000 2 1 1 8
5 22 1 1 1 0 0 423 1 8 8 1
5 23 0 1 0 0 0 3000 2 6 6 8
5 24 1 1 1 0 0 406 1 8 8 6
5 25 0 1 0 0 0 3000 3 8 8 8
