1 1 0 1 0 0 0 3000 2 15 15 0
1 2 0 1 0 0 0 3000 1 14 14 15
1 3 0 1 0 0 0 3000 2 5 5 14
1 4 0 1 0 0 0 3000 3 8 8 5
1 5 0 0 0 0 1 842 3 15 15 8
1 6 1 0 0 1 0 3000 1 8 8 15
1 7 0 0 0 0 1 362 3 5 5 8
1 8 1 1 1 0 0 736 1 8 8 5
1 9 0 1 0 0 0 3000 3 1 1 8
1 10 0 1 0 0 0 3000 2 15 15 1
1 11 0 1 0 0 0 3000 3 7 7 15
1 12 0 0 0 0 1 674 2 5 5 7
1 13 1 0 0 1 0 3000 1 7 7 5
1 14 0 1 0 0 0 3000 2 3 3 7
1 15 0 1 0 0 0 3000 3 6 6 3
1 16 0 1 0 0 0 3000 3 8 8 6
1 17 1 1 1 0 0 549 1 6 6 8
1 18 1 0 0 1 0 3000 1 8 8 6
1 19 0 1 0 0 0 3000 3 1 1 8
1 20 1 0 0 1 0 3000 1 8 8 1
1 21 1 0 0 1 0 3000 1 1 1 8
1 22 1 1 1 0 0 751 1 8 8 1
1 23 0 1 0 0 0 3000 3 10 10 8
1 24 0 1 0 0 0 3000 3 15 15 10
1 25 1 1 1 0 0 645 1 10 10 15
2 1 0 1 0 0 0 3000 3 4 4 10
2 2 0 1 0 0 0 3000 3 8 8 4
2 3 1 1 1 0 0 553 1 4 4 8
2 4 1 1 1 0 0 681 1 8 8 4
2 5 0 1 0 0 0 3000 2 15 15 8
2 6 1 1 1 0 0 557 1 8 8 15
2 7 0 1 0 0 0 3000 2 6 6 8
2 8 0 0 0 0 1 653 2 15 15 6
2 9 0 1 0 0 0 3000 3 2 2 15
2 10 1 1 1 0 0 586 1 15 15 2
2 11 1 1 1 0 0 585 1 2 2 15
2 12 0 1 0 0 0 3000 2 1 1 2
2 13 0 1 0 0 0 3000 3 9 9 1
2 14 1 1 1 0 0 384 1 1 1 9
2 15 0 1 0 0 0 3000 3 11 11 1
2 16 1 1 1 0 0 619 1 1 1 11
2 17 1 1 1 0 0 462 1 11 11 1
2 18 0 1 0 0 0 3000 3 10 10 11
2 19 0 1 0 0 0 3000 2 7 7 10
2 20 0 1 0 0 0 3000 2 1 1 7
2 21 0 1 0 0 0 3000 3 12 12 1
2 22 0 1 0 0 0 3000 2 2 2 12
2 23 0 1 0 0 0 3000 2 13 13 2
2 24 1 1 1 0 0 413 1 2 2 13
2 25 1 0 0 1 0 3000 1 13 13 2
3 1 0 1 0 0 0 3000 2 15 15 13
3 2 0 1 0 0 0 3000 2 12 12 15
3 3 1 1 1 0 0 458 1 15 15 12
3 4 0 1 0 0 0 3000 2 6 6 15
3 5 1 1 1 0 0 618 1 15 15 6
3 6 0 1 0 0 0 3000 2 12 12 15
3 7 0 1 0 0 0 3000 3 2 2 12
3 8 1 0 0 1 0 3000 1 12 12 2
3 9 0 1 0 0 0 3000 2 14 14 12
3 10 0 1 0 0 0 3000 3 3 3 14
3 11 1 1 1 0 0 373 1 14 14 3
3 12 1 1 1 0 0 939 1 3 3 14
3 13 1 1 1 0 0 721 1 14 14 3
3 14 1 1 1 0 0 510 1 3 3 14
3 15 1 1 1 0 0 518 1 14 14 3
3 16 0 1 0 0 0 3000 3 6 6 14
3 17 1 1 1 0 0 377 1 14 14 6
3 18 0 1 0 0 0 3000 3 10 10 14
3 19 1 1 1 0 0 350 1 14 14 10
3 20 0 1 0 0 0 3000 2 3 3 14
3 21 0 1 0 0 0 3000 2 12 12 3
3 22 0 1 0 0 0 3000 3 8 8 12
3 23 0 1 0 0 0 3000 3 4 4 8
3 24 0 1 0 0 0 3000 3 11 11 4
3 25 1 1 1 0 0 342 1 4 4 11
4 1 0 1 0 0 0 3000 3 13 13 4
4 2 0 1 0 0 0 3000 1 8 8 13
4 3 1 1 1 0 0 668 1 13 13 8
4 4 1 1 1 0 0 436 1 8 8 13
4 5 0 1 0 0 0 3000 3 7 7 8
4 6 1 1 1 0 0 404 1 8 8 7
4 7 0 0 0 0 1 667 2 13 13 8
4 8 0 1 0 0 0 3000 2 11 11 13
4 9 0 1 0 0 0 3000 3 1 1 11
4 10 0 1 0 0 0 3000 2 4 4 1
4 11 0 0 0 0 1 512 3 11 11 4
4 12 1 1 1 0 0 849 1 4 4 11
4 13 0 1 0 0 0 3000 2 3 3 4
4 14 1 1 1 0 0 526 1 4 4 3
4 15 0 1 0 0 0 3000 2 7 7 4
4 16 0 1 0 0 0 3000 3 10 10 7
4 17 0 1 0 0 0 3000 3 8 8 10
4 18 0 1 0 0 0 3000 2 1 1 8
4 19 0 1 0 0 0 3000 3 6 6 1
4 20 0 1 0 0 0 3000 2 9 9 6
4 21 0 1 0 0 0 3000 2 3 3 9
4 22 1 1 1 0 0 510 1 9 9 3
4 23 1 1 1 0 0 565 1 3 3 9
4 24 1 1 1 0 0 518 1 9 9 3
4 25 1 1 1 0 0 437 1 3 3 9
5 1 0 1 0 0 0 3000 3 6 6 3
5 2 0 0 0 0 1 866 1 6 6 6
5 3 0 1 0 0 0 3000 3 5 5 6
5 4 0 1 0 0 0 3000 2 8 8 5
5 5 1 1 1 0 0 525 1 5 5 8
5 6 0 1 0 0 0 3000 3 10 10 5
5 7 0 1 0 0 0 3000 3 10 10 10
5 8 1 1 1 0 0 554 1 10 10 10
5 9 0 1 0 0 0 3000 3 9 9 10
5 10 1 1 1 0 0 415 1 10 10 9
5 11 1 1 1 0 0 465 1 9 9 10
5 12 1 1 1 0 0 603 1 10 10 9
5 13 0 1 0 0 0 3000 3 15 15 10
5 14 0 1 0 0 0 3000 3 15 15 15
5 15 0 1 0 0 0 3000 3 6 6 15
5 16 1 1 1 0 0 374 1 15 15 6
5 17 0 1 0 0 0 3000 2 7 7 15
5 18 0 1 0 0 0 3000 3 1 1 7
5 19 0 1 0 0 0 3000 2 2 2 1
5 20 0 1 0 0 0 3000 2 5 5 2
5 21 0 1 0 0 0 3000 3 11 11 5
5 22 0 1 0 0 0 3000 3 8 8 11
5 23 0 1 0 0 0 3000 2 9 9 8
5 24 1 1 1 0 0 669 1 8 8 9
5 25 0 1 0 0 0 3000 2 11 11 8
