1 1 0 1 0 0 0 3000 3 4 4 0
1 2 0 1 0 0 0 3000 2 13 13 4
1 3 0 1 0 0 0 3000 2 3 3 13
1 4 0 1 0 0 0 3000 2 4 4 3
1 5 0 1 0 0 0 3000 2 6 6 4
1 6 0 1 0 0 0 3000 3 1 1 6
1 7 1 1 1 0 0 382 1 6 6 1
1 8 1 1 1 0 0 789 1 1 1 6
1 9 1 1 1 0 0 646 1 6 6 1
1 10 0 1 0 0 0 3000 3 11 11 6
1 11 1 1 1 0 0 660 1 6 6 11
1 12 0 1 0 0 0 3000 2 1 1 6
1 13 1 1 1 0 0 832 1 6 6 1
1 14 0 1 0 0 0 3000 2 13 13 6
1 15 0 1 0 0 0 3000 3 4 4 13
1 16 0 0 0 0 1 462 3 3 3 4
1 17 0 0 0 0 1 799 2 1 1 3
1 18 0 1 0 0 0 3000 3 9 9 1
1 19 1 1 1 0 0 565 1 1 1 9
1 20 0 1 0 0 0 3000 2 2 2 1
1 21 0 1 0 0 0 3000 3 10 10 2
1 22 0 1 0 0 0 3000 3 5 5 10
1 23 0 1 0 0 0 3000 3 15 15 5
1 24 0 1 0 0 0 3000 3 1 1 15
1 25 0 1 0 0 0 3000 3 3 3 1
2 1 0 1 0 0 0 3000 3 5 5 3
2 2 0 1 0 0 0 3000 2 11 11 5
2 3 0 1 0 0 0 3000 3 2 2 11
2 4 0 1 0 0 0 3000 3 4 4 2
2 5 0 1 0 0 0 3000 2 7 7 4
2 6 0 1 0 0 0 3000 2 15 15 7
2 7 0 1 0 0 0 3000 2 2 2 15
2 8 0 1 0 0 0 3000 3 11 11 2
2 9 0 1 0 0 0 3000 2 9 9 11
2 10 0 1 0 0 0 3000 2 4 4 9
2 11 0 0 0 0 1 538 2 2 2 4
2 12 0 1 0 0 0 3000 2 1 1 2
2 13 0 1 0 0 0 3000 2 14 14 1
2 14 0 1 0 0 0 3000 2 3 3 14
2 15 1 1 1 0 0 380 1 14 14 3
2 16 1 1 1 0 0 589 1 3 3 14
2 17 0 0 0 0 1 685 3 3 3 3
2 18 0 1 0 0 0 3000 2 15 15 3
2 19 1 1 1 0 0 1066 1 3 3 15
2 20 0 1 0 0 0 3000 3 5 5 3
2 21 0 1 0 0 0 3000 3 7 7 5
2 22 0 1 0 0 0 3000 3 2 2 7
2 23 0 1 0 0 0 3000 3 11 11 2
2 24 0 1 0 0 0 3000 3 10 10 11
2 25 1 1 1 0 0 452 1 11 11 10
3 1 0 1 0 0 0 3000 3 4 4 11
3 2 0 1 0 0 0 3000 2 5 5 4
3 3 0 1 0 0 0 3000 3 9 9 5
3 4 0 1 0 0 0 3000 3 1 1 9
3 5 0 1 0 0 0 3000 2 2 2 1
3 6 1 1 1 0 0 308 1 1 1 2
3 7 1 1 1 0 0 486 1 2 2 1
3 8 0 1 0 0 0 3000 2 4 4 2
3 9 0 1 0 0 0 3000 2 8 8 4
3 10 0 1 0 0 0 3000 2 10 10 8
3 11 0 0 0 0 1 543 3 4 4 10
3 12 0 1 0 0 0 3000 3 7 7 4
3 13 0 1 0 0 0 3000 2 13 13 7
3 14 0 1 0 0 0 3000 3 5 5 13
3 15 0 1 0 0 0 3000 3 5 5 5
3 16 1 1 1 0 0 410 1 5 5 5
3 17 1 1 1 0 0 884 1 5 5 5
3 18 0 1 0 0 0 3000 2 1 1 5
3 19 0 0 0 0 1 794 2 1 1 1
3 20 0 1 0 0 0 3000 3 3 3 1
3 21 0 1 0 0 0 3000 3 8 8 3
3 22 0 1 0 0 0 3000 2 13 13 8
3 23 0 1 0 0 0 3000 2 12 12 13
3 24 1 1 1 0 0 308 1 13 13 12
3 25 1 1 1 0 0 381 1 12 12 13
4 1 0 1 0 0 0 3000 2 9 9 12
4 2 0 1 0 0 0 3000 3 1 1 9
4 3 0 1 0 0 0 3000 3 10 10 1
4 4 0 1 0 0 0 3000 2 13 13 10
4 5 0 1 0 0 0 3000 2 6 6 13
4 6 0 0 0 0 1 571 3 11 11 6
4 7 1 1 1 0 0 643 1 6 6 11
4 8 0 1 0 0 0 3000 2 15 15 6
4 9 0 0 0 0 1 408 2 5 5 15
4 10 1 1 1 0 0 633 1 15 15 5
4 11 0 0 0 0 1 1599 2 4 4 15
4 12 0 1 0 0 0 3000 3 11 11 4
4 13 1 0 0 1 0 3000 1 4 4 11
4 14 0 1 0 0 0 3000 2 7 7 4
4 15 0 1 0 0 0 3000 3 6 6 7
4 16 1 1 1 0 0 426 1 7 7 6
4 17 0 1 0 0 0 3000 2 5 5 7
4 18 0 1 0 0 0 3000 3 2 2 5
4 19 0 1 0 0 0 3000 3 2 2 2
4 20 0 1 0 0 0 3000 2 8 8 2
4 21 0 1 0 0 0 3000 3 6 6 8
4 22 0 1 0 0 0 3000 3 7 7 6
4 23 1 1 1 0 0 388 1 6 6 7
4 24 0 0 0 0 1 445 3 6 6 6
4 25 0 0 0 0 1 612 3 7 7 6
5 1 0 1 0 0 0 3000 2 1 1 7
5 2 0 1 0 0 0 3000 3 11 11 1
5 3 1 1 1 0 0 432 1 1 1 11
5 4 1 0 0 1 0 3000 1 11 11 1
5 5 1 1 1 0 0 632 1 1 1 11
5 6 0 1 0 0 0 3000 2 1 1 1
5 7 0 1 0 0 0 3000 2 9 9 1
5 8 0 1 0 0 0 3000 2 2 2 9
5 9 1 1 1 0 0 485 1 9 9 2
5 10 1 1 1 0 0 721 1 2 2 9
5 11 1 1 1 0 0 386 1 9 9 2
5 12 1 1 1 0 0 549 1 2 2 9
5 13 1 1 1 0 0 613 1 9 9 2
5 14 0 1 0 0 0 3000 3 14 14 9
5 15 1 1 1 0 0 466 1 9 9 14
5 16 1 1 1 0 0 488 1 14 14 9
5 17 0 1 0 0 0 3000 3 4 4 14
5 18 1 1 1 0 0 359 1 14 14 4
5 19 0 1 0 0 0 3000 3 8 8 14
5 20 0 1 0 0 0 3000 2 2 2 8
5 21 0 1 0 0 0 3000 3 1 1 2
5 22 0 1 0 0 0 3000 2 9 9 1
5 23 1 1 1 0 0 376 1 1 1 9
5 24 0 1 0 0 0 3000 3 11 11 1
5 25 0 1 0 0 0 3000 3 3 3 11
