1 1 0 1 0 0 0 3000 2 13 13 0
1 2 0 1 0 0 0 3000 3 6 6 13
1 3 0 1 0 0 0 3000 2 10 10 6
1 4 1 0 0 1 0 3000 1 6 6 10
1 5 0 1 0 0 0 3000 2 13 13 6
1 6 0 1 0 0 0 3000 3 5 5 13
1 7 0 1 0 0 0 3000 2 1 1 5
1 8 0 1 0 0 0 3000 3 1 1 1
1 9 0 1 0 0 0 3000 2 9 9 1
1 10 0 1 0 0 0 3000 3 13 13 9
1 11 0 1 0 0 0 3000 2 12 12 13
1 12 0 1 0 0 0 3000 3 12 12 12
1 13 0 1 0 0 0 3000 3 8 8 12
1 14 0 1 0 0 0 3000 3 6 6 8
1 15 0 1 0 0 0 3000 3 10 10 6
1 16 0 1 0 0 0 3000 3 5 5 10
1 17 0 1 0 0 0 3000 2 9 9 5
1 18 0 1 0 0 0 3000 3 9 9 9
1 19 1 0 0 1 0 3000 1 9 9 9
1 20 0 1 0 0 0 3000 3 8 8 9
1 21 0 1 0 0 0 3000 3 3 3 8
1 22 1 0 0 1 0 3000 1 8 8 3
1 23 1 0 0 1 0 3000 1 3 3 8
1 24 1 0 0 1 0 3000 1 8 8 3
1 25 0 1 0 0 0 3000 3 5 5 8
2 1 0 1 0 0 0 3000 3 5 5 5
2 2 0 1 0 0 0 3000 1 13 13 5
2 3 0 1 0 0 0 3000 3 8 8 13
2 4 0 1 0 0 0 3000 3 3 3 8
2 5 0 0 0 0 1 1300 2 13 13 3
2 6 1 0 0 1 0 3000 1 3 3 13
2 7 1 0 0 1 0 3000 1 13 13 3
2 8 1 0 0 1 0 3000 1 3 3 13
2 9 1 0 0 1 0 3000 1 13 13 3
2 10 0 1 0 0 0 3000 3 2 2 13
2 11 0 1 0 0 0 3000 2 9 9 2
2 12 1 0 0 1 0 3000 1 2 2 9
2 13 1 0 0 1 0 3000 1 9 9 2
2 14 1 1 1 0 0 1123 1 2 2 9
2 15 0 1 0 0 0 3000 2 8 8 2
2 16 0 1 0 0 0 3000 2 12 12 8
2 17 0 1 0 0 0 3000 3 12 12 12
2 18 1 1 1 0 0 1271 1 12 12 12
2 19 0 1 0 0 0 3000 3 6 6 12
2 20 1 0 0 1 0 3000 1 12 12 6
2 21 0 1 0 0 0 3000 2 1 1 12
2 22 0 1 0 0 0 3000 2 14 14 1
2 23 1 1 1 0 0 1344 1 1 1 14
2 24 0 1 0 0 0 3000 2 10 10 1
2 25 0 1 0 0 0 3000 2 11 11 10
3 1 0 1 0 0 0 3000 2 8 8 11
3 2 0 1 0 0 0 3000 3 5 5 8
3 3 1 1 1 0 0 705 1 8 8 5
3 4 0 1 0 0 0 3000 3 7 7 8
3 5 0 1 0 0 0 3000 3 14 14 7
3 6 1 1 1 0 0 598 1 7 7 14
3 7 0 1 0 0 0 3000 3 12 12 7
3 8 1 0 0 1 0 3000 1 7 7 12
3 9 1 1 1 0 0 994 1 12 12 7
3 10 1 0 0 1 0 3000 1 7 7 12
3 11 0 1 0 0 0 3000 3 7 7 7
3 12 1 1 1 0 0 784 1 7 7 7
3 13 1 0 0 1 0 3000 1 7 7 7
3 14 0 1 0 0 0 3000 2 6 6 7
3 15 1 1 1 0 0 668 1 7 7 6
3 16 0 1 0 0 0 3000 2 9 9 7
3 17 0 1 0 0 0 3000 2 14 14 9
3 18 1 1 1 0 0 409 1 9 9 14
3 19 1 0 0 1 0 3000 1 14 14 9
3 20 0 1 0 0 0 3000 3 12 12 14
3 21 0 1 0 0 0 3000 3 7 7 12
3 22 1 1 1 0 0 606 1 12 12 7
3 23 0 1 0 0 0 3000 2 3 3 12
3 24 0 1 0 0 0 3000 3 6 6 3
3 25 1 1 1 0 0 403 1 3 3 6
4 1 0 1 0 0 0 3000 1 10 10 3
4 2 0 1 0 0 0 3000 1 1 1 10
4 3 1 1 1 0 0 572 1 10 10 1
4 4 0 1 0 0 0 3000 3 6 6 10
4 5 0 1 0 0 0 3000 2 9 9 6
4 6 0 1 0 0 0 3000 3 3 3 9
4 7 0 1 0 0 0 3000 2 8 8 3
4 8 0 0 0 0 1 1463 2 6 6 8
4 9 1 0 0 1 0 3000 1 8 8 6
4 10 1 0 0 1 0 3000 1 6 6 8
4 11 0 1 0 0 0 3000 2 14 14 6
4 12 1 1 1 0 0 1626 1 6 6 14
4 13 0 1 0 0 0 3000 3 10 10 6
4 14 1 0 0 1 0 3000 1 6 6 10
4 15 0 1 0 0 0 3000 2 6 6 6
4 16 1 1 1 0 0 655 1 6 6 6
4 17 0 1 0 0 0 3000 3 10 10 6
4 18 0 1 0 0 0 3000 2 9 9 10
4 19 0 1 0 0 0 3000 3 4 4 9
4 20 0 1 0 0 0 3000 3 7 7 4
4 21 0 1 0 0 0 3000 2 8 8 7
4 22 1 1 1 0 0 1026 1 7 7 8
4 23 0 1 0 0 0 3000 3 13 13 7
4 24 0 1 0 0 0 3000 3 14 14 13
4 25 0 1 0 0 0 3000 3 10 10 14
5 1 0 1 0 0 0 3000 3 11 11 10
5 2 0 1 0 0 0 3000 3 15 15 11
5 3 0 1 0 0 0 3000 2 8 8 15
5 4 0 1 0 0 0 3000 2 11 11 8
5 5 0 1 0 0 0 3000 3 2 2 11
5 6 0 1 0 0 0 3000 2 7 7 2
5 7 0 1 0 0 0 3000 2 8 8 7
5 8 1 1 1 0 0 994 1 7 7 8
5 9 1 0 0 1 0 3000 1 8 8 7
5 10 0 1 0 0 0 3000 3 2 2 8
5 11 1 1 1 0 0 1679 1 8 8 2
5 12 0 1 0 0 0 3000 2 10 10 8
5 13 1 0 0 1 0 3000 1 8 8 10
5 14 1 1 1 0 0 388 1 10 10 8
5 15 1 0 0 1 0 3000 1 8 8 10
5 16 0 1 0 0 0 3000 2 13 13 8
5 17 1 1 1 0 0 497 1 8 8 13
5 18 0 1 0 0 0 3000 3 1 1 8
5 19 1 0 0 1 0 3000 1 8 8 1
5 20 0 1 0 0 0 3000 2 3 3 8
5 21 0 1 0 0 0 3000 3 5 5 3
5 22 1 1 1 0 0 519 1 3 3 5
5 23 0 1 0 0 0 3000 3 12 12 3
5 24 1 0 0 1 0 3000 1 3 3 12
5 25 0 1 0 0 0 3000 3 2 2 3
