1 1 0 1 0 0 0 3000 2 4 4 0
1 2 0 1 0 0 0 3000 1 12 12 4
1 3 0 1 0 0 0 3000 2 1 1 12
1 4 1 0 0 1 0 3000 1 12 12 1
1 5 0 1 0 0 0 3000 2 2 2 12
1 6 0 1 0 0 0 3000 2 5 5 2
1 7 0 1 0 0 0 3000 2 6 6 5
1 8 0 1 0 0 0 3000 3 11 11 6
1 9 0 1 0 0 0 3000 3 5 5 11
1 10 0 1 0 0 0 3000 2 4 4 5
1 11 1 0 0 1 0 3000 1 5 5 4
1 12 0 1 0 0 0 3000 2 12 12 5
1 13 1 0 0 1 0 3000 1 5 5 12
1 14 0 1 0 0 0 3000 3 15 15 5
1 15 1 0 0 1 0 3000 1 5 5 15
1 16 0 1 0 0 0 3000 2 8 8 5
1 17 0 1 0 0 0 3000 2 3 3 8
1 18 0 1 0 0 0 3000 3 7 7 3
1 19 1 0 0 1 0 3000 1 3 3 7
1 20 0 1 0 0 0 3000 3 3 3 3
1 21 0 1 0 0 0 3000 2 14 14 3
1 22 1 0 0 1 0 3000 1 3 3 14
1 23 1 0 0 1 0 3000 1 14 14 3
1 24 1 0 0 1 0 3000 1 3 3 14
1 25 0 1 0 0 0 3000 3 8 8 3
2 1 0 1 0 0 0 3000 3 8 8 8
2 2 0 1 0 0 0 3000 3 14 14 8
2 3 0 1 0 0 0 3000 2 12 12 14
2 4 1 1 1 0 0 551 1 14 14 12
2 5 1 0 0 1 0 3000 1 12 12 14
2 6 0 1 0 0 0 3000 3 7 7 12
2 7 1 1 1 0 0 492 1 12 12 7
2 8 0 1 0 0 0 3000 3 12 12 12
2 9 0 1 0 0 0 3000 2 9 9 12
2 10 1 1 1 0 0 452 1 12 12 9
2 11 0 1 0 0 0 3000 2 15 15 12
2 12 1 0 0 1 0 3000 1 12 12 15
2 13 0 1 0 0 0 3000 2 9 9 12
2 14 1 1 1 0 0 395 1 12 12 9
2 15 0 1 0 0 0 3000 2 3 3 12
2 16 0 1 0 0 0 3000 2 5 5 3
2 17 0 1 0 0 0 3000 2 2 2 5
2 18 1 1 1 0 0 382 1 5 5 2
2 19 0 1 0 0 0 3000 3 10 10 5
2 20 0 1 0 0 0 3000 3 12 12 10
2 21 0 1 0 0 0 3000 2 4 4 12
2 22 1 1 1 0 0 394 1 12 12 4
2 23 1 0 0 1 0 3000 1 4 4 12
2 24 1 0 0 1 0 3000 1 12 12 4
2 25 1 1 1 0 0 420 1 4 4 12
3 1 0 1 0 0 0 3000 1 1 1 4
3 2 0 1 0 0 0 3000 2 14 14 1
3 3 0 1 0 0 0 3000 2 9 9 14
3 4 0 1 0 0 0 3000 2 8 8 9
3 5 0 1 0 0 0 3000 3 8 8 8
3 6 0 1 0 0 0 3000 3 12 12 8
3 7 0 1 0 0 0 3000 2 2 2 12
3 8 1 1 1 0 0 755 1 12 12 2
3 9 1 1 1 0 0 444 1 2 2 12
3 10 0 1 0 0 0 3000 2 14 14 2
3 11 0 1 0 0 0 3000 2 7 7 14
3 12 1 1 1 0 0 480 1 14 14 7
3 13 1 1 1 0 0 415 1 7 7 14
3 14 0 1 0 0 0 3000 2 9 9 7
3 15 0 1 0 0 0 3000 2 10 10 9
3 16 0 1 0 0 0 3000 2 6 6 10
3 17 0 1 0 0 0 3000 3 7 7 6
3 18 0 1 0 0 0 3000 2 1 1 7
3 19 0 1 0 0 0 3000 3 10 10 1
3 20 0 1 0 0 0 3000 2 11 11 10
3 21 0 1 0 0 0 3000 3 4 4 11
3 22 0 1 0 0 0 3000 3 15 15 4
3 23 0 1 0 0 0 3000 2 14 14 15
3 24 0 1 0 0 0 3000 2 3 3 14
3 25 1 1 1 0 0 560 1 14 14 3
4 1 0 1 0 0 0 3000 1 15 15 14
4 2 0 1 0 0 0 3000 2 7 7 15
4 3 0 1 0 0 0 3000 2 6 6 7
4 4 1 1 1 0 0 605 1 7 7 6
4 5 0 1 0 0 0 3000 3 10 10 7
4 6 1 0 0 1 0 3000 1 7 7 10
4 7 0 1 0 0 0 3000 2 9 9 7
4 8 1 1 1 0 0 323 1 7 7 9
4 9 1 1 1 0 0 445 1 9 9 7
4 10 0 1 0 0 0 3000 3 15 15 9
4 11 1 1 1 0 0 942 1 9 9 15
4 12 1 1 1 0 0 403 1 15 15 9
4 13 0 1 0 0 0 3000 3 11 11 15
4 14 0 1 0 0 0 3000 3 8 8 11
4 15 0 1 0 0 0 3000 2 10 10 8
4 16 0 0 0 0 1 603 2 10 10 10
4 17 0 1 0 0 0 3000 3 1 1 10
4 18 0 1 0 0 0 3000 2 5 5 1
4 19 1 1 1 0 0 606 1 1 1 5
4 20 0 1 0 0 0 3000 3 6 6 1
4 21 0 1 0 0 0 3000 3 11 11 6
4 22 0 1 0 0 0 3000 3 9 9 11
4 23 0 1 0 0 0 3000 3 2 2 9
4 24 0 1 0 0 0 3000 2 3 3 2
4 25 0 1 0 0 0 3000 3 9 9 3
5 1 0 1 0 0 0 3000 2 2 2 9
5 2 0 1 0 0 0 3000 1 6 6 2
5 3 0 1 0 0 0 3000 2 11 11 6
5 4 1 1 1 0 0 344 1 6 6 11
5 5 1 1 1 0 0 377 1 11 11 6
5 6 0 1 0 0 0 3000 2 15 15 11
5 7 0 1 0 0 0 3000 2 7 7 15
5 8 0 1 0 0 0 3000 3 14 14 7
5 9 0 1 0 0 0 3000 2 3 3 14
5 10 1 1 1 0 0 401 1 14 14 3
5 11 1 1 1 0 0 393 1 3 3 14
5 12 0 1 0 0 0 3000 2 6 6 3
5 13 0 1 0 0 0 3000 3 12 12 6
5 14 1 1 1 0 0 379 1 6 6 12
5 15 1 1 1 0 0 364 1 12 12 6
5 16 0 1 0 0 0 3000 3 14 14 12
5 17 0 1 0 0 0 3000 2 5 5 14
5 18 0 1 0 0 0 3000 2 11 11 5
5 19 0 0 0 0 1 933 2 11 11 11
5 20 1 0 0 1 0 3000 1 11 11 11
5 21 1 1 1 0 0 506 1 11 11 11
5 22 0 1 0 0 0 3000 3 2 2 11
5 23 1 1 1 0 0 544 1 11 11 2
5 24 0 1 0 0 0 3000 2 8 8 11
5 25 1 1 1 0 0 774 1 11 11 8
