1 1 0 1 0 0 0 3000 2 13 13 0
1 2 0 1 0 0 0 3000 2 8 8 13
1 3 0 1 0 0 0 3000 2 11 11 8
1 4 0 1 0 0 0 3000 3 5 5 11
1 5 1 0 0 1 0 3000 1 11 11 5
1 6 0 1 0 0 0 3000 2 1 1 11
1 7 1 0 0 1 0 3000 1 11 11 1
1 8 0 1 0 0 0 3000 3 15 15 11
1 9 0 1 0 0 0 3000 2 8 8 15
1 10 0 1 0 0 0 3000 2 3 3 8
1 11 0 0 0 0 1 333 3 15 15 3
1 12 0 1 0 0 0 3000 2 9 9 15
1 13 0 1 0 0 0 3000 3 13 13 9
1 14 0 1 0 0 0 3000 2 11 11 13
1 15 1 0 0 1 0 3000 1 13 13 11
1 16 0 1 0 0 0 3000 2 1 1 13
1 17 0 1 0 0 0 3000 2 12 12 1
1 18 0 1 0 0 0 3000 3 4 4 12
1 19 1 0 0 1 0 3000 1 12 12 4
1 20 0 1 0 0 0 3000 3 3 3 12
1 21 0 1 0 0 0 3000 3 7 7 3
1 22 1 0 0 1 0 3000 1 3 3 7
1 23 0 0 0 0 1 1335 3 12 12 3
1 24 0 1 0 0 0 3000 3 12 12 12
1 25 0 1 0 0 0 3000 3 14 14 12
2 1 0 1 0 0 0 3000 1 10 10 14
2 2 0 1 0 0 0 3000 3 1 1 10
2 3 1 1 1 0 0 795 1 10 10 1
2 4 0 1 0 0 0 3000 2 11 11 10
2 5 1 0 0 1 0 3000 1 10 10 11
2 6 0 1 0 0 0 3000 2 13 13 10
2 7 0 1 0 0 0 3000 3 9 9 13
2 8 0 1 0 0 0 3000 3 8 8 9
2 9 0 1 0 0 0 3000 2 1 1 8
2 10 1 0 0 1 0 3000 1 8 8 1
2 11 1 0 0 1 0 3000 1 1 1 8
2 12 0 1 0 0 0 3000 3 7 7 1
2 13 0 1 0 0 0 3000 2 8 8 7
2 14 0 1 0 0 0 3000 2 15 15 8
2 15 0 1 0 0 0 3000 2 2 2 15
2 16 0 1 0 0 0 3000 3 1 1 2
2 17 0 1 0 0 0 3000 2 7 7 1
2 18 0 1 0 0 0 3000 3 15 15 7
2 19 0 1 0 0 0 3000 2 4 4 15
2 20 0 1 0 0 0 3000 2 13 13 4
2 21 0 1 0 0 0 3000 2 1 1 13
2 22 0 1 0 0 0 3000 3 3 3 1
2 23 0 1 0 0 0 3000 2 11 11 3
2 24 0 1 0 0 0 3000 2 15 15 11
2 25 0 1 0 0 0 3000 3 3 3 15
3 1 0 1 0 0 0 3000 3 1 1 3
3 2 0 1 0 0 0 3000 1 6 6 1
3 3 0 1 0 0 0 3000 3 2 2 6
3 4 0 1 0 0 0 3000 3 14 14 2
3 5 0 1 0 0 0 3000 3 8 8 14
3 6 1 1 1 0 0 1568 1 14 14 8
3 7 0 1 0 0 0 3000 3 12 12 14
3 8 1 0 0 1 0 3000 1 14 14 12
3 9 0 1 0 0 0 3000 2 4 4 14
3 10 1 0 0 1 0 3000 1 14 14 4
3 11 0 1 0 0 0 3000 2 8 8 14
3 12 0 1 0 0 0 3000 2 1 1 8
3 13 0 1 0 0 0 3000 3 15 15 1
3 14 0 1 0 0 0 3000 2 5 5 15
3 15 0 0 0 0 1 510 2 5 5 5
3 16 0 1 0 0 0 3000 3 12 12 5
3 17 1 0 0 1 0 3000 1 5 5 12
3 18 0 1 0 0 0 3000 2 7 7 5
3 19 1 1 1 0 0 909 1 5 5 7
3 20 1 0 0 1 0 3000 1 7 7 5
3 21 0 1 0 0 0 3000 2 1 1 7
3 22 1 1 1 0 0 694 1 7 7 1
3 23 1 0 0 1 0 3000 1 1 1 7
3 24 0 1 0 0 0 3000 2 2 2 1
3 25 0 0 0 0 1 501 3 2 2 2
4 1 0 1 0 0 0 3000 3 5 5 2
4 2 0 1 0 0 0 3000 3 12 12 5
4 3 1 1 1 0 0 843 1 5 5 12
4 4 0 1 0 0 0 3000 3 4 4 5
4 5 1 0 0 1 0 3000 1 5 5 4
4 6 1 1 1 0 0 1200 1 4 4 5
4 7 0 1 0 0 0 3000 3 1 1 4
4 8 1 0 0 1 0 3000 1 4 4 1
4 9 1 0 0 1 0 3000 1 1 1 4
4 10 0 1 0 0 0 3000 3 3 3 1
4 11 1 1 1 0 0 787 1 1 1 3
4 12 1 0 0 1 0 3000 1 3 3 1
4 13 0 1 0 0 0 3000 2 6 6 3
4 14 0 1 0 0 0 3000 2 2 2 6
4 15 0 0 0 0 1 1223 2 2 2 2
4 16 0 1 0 0 0 3000 2 5 5 2
4 17 0 1 0 0 0 3000 3 9 9 5
4 18 1 0 0 1 0 3000 1 5 5 9
4 19 1 0 0 1 0 3000 1 9 9 5
4 20 0 1 0 0 0 3000 2 6 6 9
4 21 0 1 0 0 0 3000 2 11 11 6
4 22 0 1 0 0 0 3000 3 13 13 11
4 23 0 1 0 0 0 3000 3 14 14 13
4 24 1 0 0 1 0 3000 1 13 13 14
4 25 0 1 0 0 0 3000 3 7 7 13
5 1 0 1 0 0 0 3000 3 2 2 7
5 2 0 1 0 0 0 3000 1 11 11 2
5 3 0 1 0 0 0 3000 2 14 14 11
5 4 0 1 0 0 0 3000 3 7 7 14
5 5 0 1 0 0 0 3000 2 1 1 7
5 6 0 1 0 0 0 3000 3 10 10 1
5 7 1 1 1 0 0 986 1 1 1 10
5 8 1 0 0 1 0 3000 1 10 10 1
5 9 1 0 0 1 0 3000 1 1 1 10
5 10 0 1 0 0 0 3000 2 14 14 1
5 11 1 1 1 0 0 758 1 1 1 14
5 12 0 1 0 0 0 3000 2 4 4 1
5 13 1 0 0 1 0 3000 1 1 1 4
5 14 1 1 1 0 0 659 1 4 4 1
5 15 0 1 0 0 0 3000 2 11 11 4
5 16 1 0 0 1 0 3000 1 4 4 11
5 17 1 0 0 1 0 3000 1 11 11 4
5 18 0 1 0 0 0 3000 2 13 13 11
5 19 1 0 0 1 0 3000 1 11 11 13
5 20 0 1 0 0 0 3000 2 7 7 11
5 21 1 1 1 0 0 772 1 11 11 7
5 22 0 1 0 0 0 3000 3 4 4 11
5 23 0 1 0 0 0 3000 3 14 14 4
5 24 1 1 1 0 0 809 1 4 4 14
5 25 0 1 0 0 0 3000 3 10 10 4
