1 1 0 1 0 0 0 3000 1 10 10 0
1 2 0 1 0 0 0 3000 2 14 14 10
1 3 0 1 0 0 0 3000 3 2 2 14
1 4 0 1 0 0 0 3000 2 8 8 2
1 5 0 1 0 0 0 3000 2 10 10 8
1 6 0 1 0 0 0 3000 2 4 4 10
1 7 0 1 0 0 0 3000 3 13 13 4
1 8 0 0 0 0 1 704 2 14 14 13
1 9 0 1 0 0 0 3000 3 5 5 14
1 10 1 1 1 0 0 872 1 14 14 5
1 11 1 1 1 0 0 1232 1 5 5 14
1 12 0 1 0 0 0 3000 3 7 7 5
1 13 0 1 0 0 0 3000 2 11 11 7
1 14 0 1 0 0 0 3000 3 6 6 11
1 15 0 1 0 0 0 3000 2 8 8 6
1 16 0 1 0 0 0 3000 3 3 3 8
1 17 0 1 0 0 0 3000 2 7 7 3
1 18 0 1 0 0 0 3000 3 4 4 7
1 19 0 1 0 0 0 3000 2 11 11 4
1 20 1 1 1 0 0 499 1 4 4 11
1 21 0 1 0 0 0 3000 2 1 1 4
1 22 1 0 0 1 0 3000 1 4 4 1
1 23 0 1 0 0 0 3000 2 4 4 4
1 24 1 1 1 0 0 434 1 4 4 4
1 25 0 1 0 0 0 3000 3 10 10 4
2 1 0 1 0 0 0 3000 2 5 5 10
2 2 0 1 0 0 0 3000 2 4 4 5
2 3 0 1 0 0 0 3000 3 8 8 4
2 4 0 1 0 0 0 3000 2 2 2 8
2 5 0 1 0 0 0 3000 3 5 5 2
2 6 0 1 0 0 0 3000 3 1 1 5
2 7 0 1 0 0 0 3000 2 15 15 1
2 8 1 1 1 0 0 671 1 1 1 15
2 9 1 1 1 0 0 823 1 15 15 1
2 10 0 1 0 0 0 3000 2 12 12 15
2 11 0 1 0 0 0 3000 2 8 8 12
2 12 0 1 0 0 0 3000 2 11 11 8
2 13 0 1 0 0 0 3000 2 9 9 11
2 14 0 1 0 0 0 3000 3 7 7 9
2 15 0 1 0 0 0 3000 3 12 12 7
2 16 0 1 0 0 0 3000 3 5 5 12
2 17 0 1 0 0 0 3000 2 14 14 5
2 18 1 1 1 0 0 581 1 5 5 14
2 19 1 0 0 1 0 3000 1 14 14 5
2 20 1 0 0 1 0 3000 1 5 5 14
2 21 0 1 0 0 0 3000 3 9 9 5
2 22 0 1 0 0 0 3000 2 3 3 9
2 23 1 1 1 0 0 474 1 9 9 3
2 24 0 1 0 0 0 3000 3 13 13 9
2 25 1 0 0 1 0 3000 1 9 9 13
3 1 0 1 0 0 0 3000 3 3 3 9
3 2 0 1 0 0 0 3000 2 12 12 3
3 3 1 1 1 0 0 514 1 3 3 12
3 4 1 1 1 0 0 715 1 12 12 3
3 5 0 1 0 0 0 3000 2 9 9 12
3 6 0 1 0 0 0 3000 2 7 7 9
3 7 0 1 0 0 0 3000 2 1 1 7
3 8 1 1 1 0 0 504 1 7 7 1
3 9 1 1 1 0 0 1020 1 1 1 7
3 10 0 1 0 0 0 3000 2 4 4 1
3 11 0 1 0 0 0 3000 3 6 6 4
3 12 0 1 0 0 0 3000 2 12 12 6
3 13 0 1 0 0 0 3000 2 5 5 12
3 14 0 1 0 0 0 3000 3 11 11 5
3 15 0 1 0 0 0 3000 3 10 10 11
3 16 0 1 0 0 0 3000 2 3 3 10
3 17 0 1 0 0 0 3000 2 9 9 3
3 18 1 1 1 0 0 594 1 3 3 9
3 19 1 1 1 0 0 1197 1 9 9 3
3 20 0 1 0 0 0 3000 3 14 14 9
3 21 0 1 0 0 0 3000 3 11 11 14
3 22 0 1 0 0 0 3000 3 12 12 11
3 23 1 1 1 0 0 653 1 11 11 12
3 24 0 1 0 0 0 3000 2 15 15 11
3 25 0 0 0 0 1 603 3 15 15 15
4 1 0 1 0 0 0 3000 1 6 6 15
4 2 0 1 0 0 0 3000 1 7 7 6
4 3 1 1 1 0 0 487 1 6 6 7
4 4 1 1 1 0 0 459 1 7 7 6
4 5 0 1 0 0 0 3000 3 12 12 7
4 6 1 0 0 1 0 3000 1 7 7 12
4 7 0 1 0 0 0 3000 2 8 8 7
4 8 0 1 0 0 0 3000 2 15 15 8
4 9 0 1 0 0 0 3000 3 9 9 15
4 10 1 1 1 0 0 608 1 15 15 9
4 11 1 1 1 0 0 1054 1 9 9 15
4 12 0 1 0 0 0 3000 2 8 8 9
4 13 1 1 1 0 0 716 1 9 9 8
4 14 0 1 0 0 0 3000 3 2 2 9
4 15 0 1 0 0 0 3000 2 13 13 2
4 16 0 1 0 0 0 3000 2 9 9 13
4 17 1 1 1 0 0 1047 1 13 13 9
4 18 1 1 1 0 0 793 1 9 9 13
4 19 0 1 0 0 0 3000 2 15 15 9
4 20 0 1 0 0 0 3000 3 13 13 15
4 21 0 1 0 0 0 3000 3 2 2 13
4 22 1 1 1 0 0 835 1 13 13 2
4 23 0 1 0 0 0 3000 2 1 1 13
4 24 0 1 0 0 0 3000 3 9 9 1
4 25 1 1 1 0 0 495 1 1 1 9
5 1 0 1 0 0 0 3000 1 7 7 1
5 2 0 1 0 0 0 3000 3 13 13 7
5 3 0 1 0 0 0 3000 3 1 1 13
5 4 1 1 1 0 0 522 1 13 13 1
5 5 0 1 0 0 0 3000 2 3 3 13
5 6 0 1 0 0 0 3000 3 15 15 3
5 7 0 1 0 0 0 3000 3 5 5 15
5 8 0 1 0 0 0 3000 2 14 14 5
5 9 1 1 1 0 0 461 1 5 5 14
5 10 0 0 0 0 1 1128 3 3 3 5
5 11 0 1 0 0 0 3000 2 6 6 3
5 12 0 1 0 0 0 3000 3 1 1 6
5 13 0 1 0 0 0 3000 3 12 12 1
5 14 0 1 0 0 0 3000 3 10 10 12
5 15 1 1 1 0 0 449 1 12 12 10
5 16 0 1 0 0 0 3000 2 8 8 12
5 17 0 1 0 0 0 3000 3 1 1 8
5 18 0 1 0 0 0 3000 3 7 7 1
5 19 0 1 0 0 0 3000 3 5 5 7
5 20 1 0 0 1 0 3000 1 7 7 5
5 21 0 1 0 0 0 3000 2 13 13 7
5 22 0 1 0 0 0 3000 2 12 12 13
5 23 0 1 0 0 0 3000 2 3 3 12
5 24 0 1 0 0 0 3000 2 7 7 3
5 25 0 1 0 0 0 3000 3 14 14 7
