1 1 0 1 0 0 0 3000 2 6 6 0
1 2 0 1 0 0 0 3000 2 5 5 6
1 3 0 1 0 0 0 3000 3 13 13 5
1 4 1 0 0 1 0 3000 1 5 5 13
1 5 0 1 0 0 0 3000 2 3 3 5
1 6 0 1 0 0 0 3000 3 11 11 3
1 7 1 1 1 0 0 1044 1 3 3 11
1 8 0 1 0 0 0 3000 3 3 3 3
1 9 0 1 0 0 0 3000 3 6 6 3
1 10 0 1 0 0 0 3000 2 9 9 6
1 11 0 0 0 0 1 510 3 3 3 9
1 12 0 1 0 0 0 3000 3 6 6 3
1 13 1 0 0 1 0 3000 1 3 3 6
1 14 0 1 0 0 0 3000 2 10 10 3
1 15 1 0 0 1 0 3000 1 3 3 10
1 16 0 0 0 0 1 825 3 3 3 3
1 17 0 1 0 0 0 3000 2 1 1 3
1 18 1 0 0 1 0 3000 1 3 3 1
1 19 1 1 1 0 0 950 1 1 1 3
1 20 0 1 0 0 0 3000 2 12 12 1
1 21 0 1 0 0 0 3000 3 12 12 12
1 22 0 1 0 0 0 3000 3 14 14 12
1 23 1 1 1 0 0 507 1 12 12 14
1 24 1 0 0 1 0 3000 1 14 14 12
1 25 0 1 0 0 0 3000 3 14 14 14
2 1 0 1 0 0 0 3000 3 13 13 14
2 2 0 1 0 0 0 3000 2 9 9 13
2 3 1 1 1 0 0 613 1 13 13 9
2 4 0 1 0 0 0 3000 3 15 15 13
2 5 0 1 0 0 0 3000 2 9 9 15
2 6 0 1 0 0 0 3000 2 9 9 9
2 7 0 1 0 0 0 3000 3 5 5 9
2 8 0 1 0 0 0 3000 2 15 15 5
2 9 0 1 0 0 0 3000 2 13 13 15
2 10 0 1 0 0 0 3000 3 6 6 13
2 11 1 1 1 0 0 404 1 13 13 6
2 12 0 1 0 0 0 3000 3 7 7 13
2 13 1 0 0 1 0 3000 1 13 13 7
2 14 0 1 0 0 0 3000 3 3 3 13
2 15 0 1 0 0 0 3000 3 2 2 3
2 16 1 1 1 0 0 344 1 3 3 2
2 17 0 1 0 0 0 3000 2 8 8 3
2 18 1 0 0 1 0 3000 1 3 3 8
2 19 0 1 0 0 0 3000 2 14 14 3
2 20 1 1 1 0 0 369 1 3 3 14
2 21 0 1 0 0 0 3000 2 7 7 3
2 22 1 0 0 1 0 3000 1 3 3 7
2 23 0 1 0 0 0 3000 2 15 15 3
2 24 0 1 0 0 0 3000 2 7 7 15
2 25 1 1 1 0 0 394 1 15 15 7
3 1 0 1 0 0 0 3000 1 12 12 15
3 2 0 1 0 0 0 3000 2 1 1 12
3 3 0 1 0 0 0 3000 2 11 11 1
3 4 0 1 0 0 0 3000 2 3 3 11
3 5 1 1 1 0 0 321 1 11 11 3
3 6 0 1 0 0 0 3000 2 8 8 11
3 7 0 1 0 0 0 3000 3 9 9 8
3 8 0 1 0 0 0 3000 2 11 11 9
3 9 1 1 1 0 0 377 1 9 9 11
3 10 0 1 0 0 0 3000 2 4 4 9
3 11 0 1 0 0 0 3000 2 1 1 4
3 12 0 1 0 0 0 3000 3 6 6 1
3 13 0 1 0 0 0 3000 3 7 7 6
3 14 0 1 0 0 0 3000 3 9 9 7
3 15 0 1 0 0 0 3000 3 5 5 9
3 16 0 1 0 0 0 3000 2 14 14 5
3 17 0 1 0 0 0 3000 2 13 13 14
3 18 0 1 0 0 0 3000 3 4 4 13
3 19 1 1 1 0 0 606 1 13 13 4
3 20 0 1 0 0 0 3000 3 11 11 13
3 21 0 1 0 0 0 3000 2 1 1 11
3 22 1 1 1 0 0 363 1 11 11 1
3 23 0 1 0 0 0 3000 2 2 2 11
3 24 1 0 0 1 0 3000 1 11 11 2
3 25 1 1 1 0 0 422 1 2 2 11
4 1 0 1 0 0 0 3000 2 3 3 2
4 2 0 1 0 0 0 3000 2 9 9 3
4 3 1 1 1 0 0 419 1 3 3 9
4 4 0 1 0 0 0 3000 3 8 8 3
4 5 0 1 0 0 0 3000 2 9 9 8
4 6 0 1 0 0 0 3000 3 13 13 9
4 7 0 1 0 0 0 3000 3 3 3 13
4 8 0 1 0 0 0 3000 3 6 6 3
4 9 0 1 0 0 0 3000 2 15 15 6
4 10 0 1 0 0 0 3000 2 10 10 15
4 11 1 1 1 0 0 322 1 15 15 10
4 12 0 1 0 0 0 3000 3 5 5 15
4 13 0 1 0 0 0 3000 3 8 8 5
4 14 0 1 0 0 0 3000 3 14 14 8
4 15 0 1 0 0 0 3000 3 10 10 14
4 16 0 1 0 0 0 3000 3 10 10 10
4 17 0 1 0 0 0 3000 3 2 2 10
4 18 0 1 0 0 0 3000 3 8 8 2
4 19 0 1 0 0 0 3000 2 13 13 8
4 20 1 1 1 0 0 678 1 8 8 13
4 21 0 1 0 0 0 3000 2 1 1 8
4 22 0 1 0 0 0 3000 3 9 9 1
4 23 0 1 0 0 0 3000 2 9 9 9
4 24 1 1 1 0 0 649 1 9 9 9
4 25 0 1 0 0 0 3000 3 6 6 9
5 1 0 1 0 0 0 3000 3 10 10 6
5 2 0 1 0 0 0 3000 2 8 8 10
5 3 0 1 0 0 0 3000 2 1 1 8
5 4 1 1 1 0 0 351 1 8 8 1
5 5 0 1 0 0 0 3000 3 4 4 8
5 6 0 1 0 0 0 3000 3 1 1 4
5 7 0 1 0 0 0 3000 3 14 14 1
5 8 1 1 1 0 0 376 1 1 1 14
5 9 0 1 0 0 0 3000 3 15 15 1
5 10 1 0 0 1 0 3000 1 1 1 15
5 11 1 1 1 0 0 365 1 15 15 1
5 12 0 1 0 0 0 3000 3 7 7 15
5 13 0 1 0 0 0 3000 2 6 6 7
5 14 0 1 0 0 0 3000 2 2 2 6
5 15 1 1 1 0 0 664 1 6 6 2
5 16 0 1 0 0 0 3000 3 3 3 6
5 17 0 1 0 0 0 3000 3 10 10 3
5 18 0 1 0 0 0 3000 2 9 9 10
5 19 0 0 0 0 1 725 2 9 9 9
5 20 0 1 0 0 0 3000 3 6 6 9
5 21 0 1 0 0 0 3000 2 3 3 6
5 22 0 1 0 0 0 3000 3 10 10 3
5 23 0 1 0 0 0 3000 3 6 6 10
5 24 0 1 0 0 0 3000 3 15 15 6
5 25 1 1 1 0 0 447 1 6 6 15
