1 1 0 1 0 0 0 3000 1 1 1 0
1 2 0 1 0 0 0 3000 1 1 1 1
1 3 0 1 0 0 0 3000 2 13 13 1
1 4 1 1 1 0 0 1334 1 1 1 13
1 5 0 1 0 0 0 3000 2 7 7 1
1 6 1 0 0 1 0 3000 1 1 1 7
1 7 1 0 0 1 0 3000 1 7 7 1
1 8 0 1 0 0 0 3000 2 6 6 7
1 9 0 1 0 0 0 3000 3 6 6 6
1 10 0 1 0 0 0 3000 2 14 14 6
1 11 1 1 1 0 0 1294 1 6 6 14
1 12 1 0 0 1 0 3000 1 14 14 6
1 13 0 1 0 0 0 3000 3 13 13 14
1 14 1 1 1 0 0 436 1 14 14 13
1 15 1 0 0 1 0 3000 1 13 13 14
1 16 0 1 0 0 0 3000 3 6 6 13
1 17 1 1 1 0 0 378 1 13 13 6
1 18 0 1 0 0 0 3000 3 7 7 13
1 19 0 1 0 0 0 3000 2 12 12 7
1 20 0 1 0 0 0 3000 3 11 11 12
1 21 0 1 0 0 0 3000 2 6 6 11
1 22 0 1 0 0 0 3000 3 4 4 6
1 23 1 1 1 0 0 581 1 6 6 4
1 24 1 0 0 1 0 3000 1 4 4 6
1 25 1 0 0 1 0 3000 1 6 6 4
2 1 0 1 0 0 0 3000 1 1 1 6
2 2 0 1 0 0 0 3000 3 10 10 1
2 3 0 1 0 0 0 3000 3 2 2 10
2 4 0 1 0 0 0 3000 2 14 14 2
2 5 0 0 0 0 1 1090 2 10 10 14
2 6 1 0 0 1 0 3000 1 14 14 10
2 7 0 1 0 0 0 3000 2 11 11 14
2 8 1 1 1 0 0 390 1 14 14 11
2 9 0 1 0 0 0 3000 3 7 7 14
2 10 0 1 0 0 0 3000 2 13 13 7
2 11 0 1 0 0 0 3000 3 5 5 13
2 12 0 1 0 0 0 3000 3 2 2 5
2 13 0 1 0 0 0 3000 3 12 12 2
2 14 0 1 0 0 0 3000 2 4 4 12
2 15 1 1 1 0 0 479 1 12 12 4
2 16 0 1 0 0 0 3000 3 15 15 12
2 17 1 0 0 1 0 3000 1 12 12 15
2 18 1 1 1 0 0 410 1 15 15 12
2 19 1 0 0 1 0 3000 1 12 12 15
2 20 0 1 0 0 0 3000 2 1 1 12
2 21 0 1 0 0 0 3000 3 10 10 1
2 22 0 0 0 0 1 676 2 10 10 10
2 23 0 1 0 0 0 3000 3 12 12 10
2 24 0 1 0 0 0 3000 2 15 15 12
2 25 0 1 0 0 0 3000 2 8 8 15
3 1 0 1 0 0 0 3000 1 9 9 8
3 2 0 1 0 0 0 3000 3 13 13 9
3 3 0 1 0 0 0 3000 2 8 8 13
3 4 0 1 0 0 0 3000 2 7 7 8
3 5 1 1 1 0 0 405 1 8 8 7
3 6 0 1 0 0 0 3000 3 6 6 8
3 7 1 0 0 1 0 3000 1 8 8 6
3 8 0 1 0 0 0 3000 3 8 8 8
3 9 0 1 0 0 0 3000 3 4 4 8
3 10 0 1 0 0 0 3000 3 11 11 4
3 11 1 1 1 0 0 470 1 4 4 11
3 12 0 1 0 0 0 3000 2 10 10 4
3 13 0 1 0 0 0 3000 3 8 8 10
3 14 0 1 0 0 0 3000 3 3 3 8
3 15 0 1 0 0 0 3000 3 14 14 3
3 16 0 1 0 0 0 3000 2 2 2 14
3 17 0 1 0 0 0 3000 2 9 9 2
3 18 0 1 0 0 0 3000 2 11 11 9
3 19 0 1 0 0 0 3000 3 3 3 11
3 20 1 1 1 0 0 553 1 11 11 3
3 21 1 0 0 1 0 3000 1 3 3 11
3 22 1 0 0 1 0 3000 1 11 11 3
3 23 0 1 0 0 0 3000 3 11 11 11
3 24 0 1 0 0 0 3000 2 15 15 11
3 25 0 1 0 0 0 3000 2 10 10 15
4 1 0 1 0 0 0 3000 2 3 3 10
4 2 0 1 0 0 0 3000 2 2 2 3
4 3 0 1 0 0 0 3000 3 2 2 2
4 4 0 1 0 0 0 3000 3 1 1 2
4 5 0 1 0 0 0 3000 3 10 10 1
4 6 1 1 1 0 0 424 1 1 1 10
4 7 0 1 0 0 0 3000 3 4 4 1
4 8 1 1 1 0 0 414 1 1 1 4
4 9 0 1 0 0 0 3000 2 14 14 1
4 10 0 1 0 0 0 3000 2 7 7 14
4 11 0 1 0 0 0 3000 3 5 5 7
4 12 1 1 1 0 0 1436 1 7 7 5
4 13 0 1 0 0 0 3000 3 9 9 7
4 14 1 1 1 0 0 410 1 7 7 9
4 15 0 1 0 0 0 3000 3 7 7 7
4 16 0 1 0 0 0 3000 3 13 13 7
4 17 1 1 1 0 0 377 1 7 7 13
4 18 1 0 0 1 0 3000 1 13 13 7
4 19 0 1 0 0 0 3000 3 2 2 13
4 20 0 1 0 0 0 3000 3 9 9 2
4 21 0 1 0 0 0 3000 2 9 9 9
4 22 1 1 1 0 0 401 1 9 9 9
4 23 0 1 0 0 0 3000 3 11 11 9
4 24 0 1 0 0 0 3000 3 2 2 11
4 25 1 1 1 0 0 448 1 11 11 2
5 1 0 1 0 0 0 3000 1 13 13 11
5 2 0 1 0 0 0 3000 2 9 9 13
5 3 1 1 1 0 0 405 1 13 13 9
5 4 1 0 0 1 0 3000 1 9 9 13
5 5 1 1 1 0 0 451 1 13 13 9
5 6 1 0 0 1 0 3000 1 9 9 13
5 7 0 1 0 0 0 3000 3 7 7 9
5 8 0 1 0 0 0 3000 2 12 12 7
5 9 0 1 0 0 0 3000 3 1 1 12
5 10 1 1 1 0 0 775 1 12 12 1
5 11 0 1 0 0 0 3000 3 10 10 12
5 12 1 1 1 0 0 430 1 12 12 10
5 13 0 1 0 0 0 3000 3 2 2 12
5 14 0 1 0 0 0 3000 3 9 9 2
5 15 0 1 0 0 0 3000 2 12 12 9
5 16 0 1 0 0 0 3000 2 4 4 12
5 17 1 1 1 0 0 546 1 12 12 4
5 18 0 1 0 0 0 3000 3 3 3 12
5 19 0 1 0 0 0 3000 3 5 5 3
5 20 0 1 0 0 0 3000 3 2 2 5
5 21 0 1 0 0 0 3000 2 12 12 2
5 22 1 0 0 1 0 3000 1 2 2 12
5 23 0 1 0 0 0 3000 3 6 6 2
5 24 0 1 0 0 0 3000 3 9 9 6
5 25 0 1 0 0 0 3000 3 7 7 9
