1 1 0 1 0 0 0 3000 2 6 6 0
1 2 0 1 0 0 0 3000 3 9 9 6
1 3 0 1 0 0 0 3000 2 8 8 9
1 4 0 1 0 0 0 3000 3 12 12 8
1 5 0 1 0 0 0 3000 3 5 5 12
1 6 0 1 0 0 0 3000 3 4 4 5
1 7 0 1 0 0 0 3000 2 15 15 4
1 8 1 1 1 0 0 996 1 4 4 15
1 9 0 1 0 0 0 3000 2 7 7 4
1 10 0 1 0 0 0 3000 2 10 10 7
1 11 0 1 0 0 0 3000 3 2 2 10
1 12 0 1 0 0 0 3000 3 1 1 2
1 13 0 1 0 0 0 3000 3 1 1 1
1 14 1 0 0 1 0 3000 1 1 1 1
1 15 1 1 1 0 0 332 1 1 1 1
1 16 0 1 0 0 0 3000 2 8 8 1
1 17 0 1 0 0 0 3000 3 2 2 8
1 18 0 1 0 0 0 3000 2 11 11 2
1 19 0 1 0 0 0 3000 3 11 11 11
1 20 0 1 0 0 0 3000 3 13 13 11
1 21 0 1 0 0 0 3000 2 3 3 13
1 22 1 0 0 1 0 3000 1 13 13 3
1 23 1 0 0 1 0 3000 1 3 3 13
1 24 0 1 0 0 0 3000 3 15 15 3
1 25 0 1 0 0 0 3000 2 6 6 15
2 1 0 1 0 0 0 3000 2 1 1 6
2 2 0 1 0 0 0 3000 2 8 8 1
2 3 0 1 0 0 0 3000 3 15 15 8
2 4 0 1 0 0 0 3000 3 14 14 15
2 5 0 1 0 0 0 3000 3 2 2 14
2 6 0 1 0 0 0 3000 3 3 3 2
2 7 1 0 0 1 0 3000 1 2 2 3
2 8 0 1 0 0 0 3000 3 7 7 2
2 9 1 1 1 0 0 719 1 2 2 7
2 10 1 0 0 1 0 3000 1 7 7 2
2 11 0 1 0 0 0 3000 2 5 5 7
2 12 1 0 0 1 0 3000 1 7 7 5
2 13 0 1 0 0 0 3000 3 2 2 7
2 14 1 1 1 0 0 625 1 7 7 2
2 15 0 1 0 0 0 3000 3 9 9 7
2 16 0 1 0 0 0 3000 3 14 14 9
2 17 0 1 0 0 0 3000 2 11 11 14
2 18 0 1 0 0 0 3000 2 12 12 11
2 19 0 1 0 0 0 3000 3 3 3 12
2 20 1 1 1 0 0 1699 1 12 12 3
2 21 0 1 0 0 0 3000 3 11 11 12
2 22 0 1 0 0 0 3000 3 14 14 11
2 23 1 0 0 1 0 3000 1 11 11 14
2 24 0 1 0 0 0 3000 2 4 4 11
2 25 0 1 0 0 0 3000 2 13 13 4
3 1 0 1 0 0 0 3000 2 15 15 13
3 2 0 1 0 0 0 3000 2 11 11 15
3 3 1 0 0 1 0 3000 1 15 15 11
3 4 0 1 0 0 0 3000 3 2 2 15
3 5 0 1 0 0 0 3000 3 9 9 2
3 6 0 1 0 0 0 3000 2 3 3 9
3 7 0 1 0 0 0 3000 2 4 4 3
3 8 1 1 1 0 0 1283 1 3 3 4
3 9 0 1 0 0 0 3000 2 9 9 3
3 10 0 1 0 0 0 3000 3 7 7 9
3 11 0 1 0 0 0 3000 2 5 5 7
3 12 0 1 0 0 0 3000 2 10 10 5
3 13 1 0 0 1 0 3000 1 5 5 10
3 14 0 1 0 0 0 3000 3 6 6 5
3 15 0 1 0 0 0 3000 3 9 9 6
3 16 1 0 0 1 0 3000 1 6 6 9
3 17 0 1 0 0 0 3000 2 8 8 6
3 18 0 1 0 0 0 3000 2 8 8 8
3 19 0 1 0 0 0 3000 2 13 13 8
3 20 0 1 0 0 0 3000 3 11 11 13
3 21 0 0 0 0 1 965 2 8 8 11
3 22 0 1 0 0 0 3000 2 5 5 8
3 23 0 1 0 0 0 3000 2 13 13 5
3 24 0 1 0 0 0 3000 2 13 13 13
3 25 0 1 0 0 0 3000 3 8 8 13
4 1 0 1 0 0 0 3000 2 9 9 8
4 2 0 1 0 0 0 3000 3 9 9 9
4 3 1 1 1 0 0 1117 1 9 9 9
4 4 0 1 0 0 0 3000 2 11 11 9
4 5 0 1 0 0 0 3000 2 4 4 11
4 6 0 1 0 0 0 3000 3 10 10 4
4 7 0 0 0 0 1 1816 2 15 15 10
4 8 1 0 0 1 0 3000 1 10 10 15
4 9 1 0 0 1 0 3000 1 15 15 10
4 10 0 1 0 0 0 3000 3 1 1 15
4 11 0 1 0 0 0 3000 2 8 8 1
4 12 1 1 1 0 0 1690 1 1 1 8
4 13 0 1 0 0 0 3000 3 7 7 1
4 14 0 1 0 0 0 3000 2 11 11 7
4 15 0 1 0 0 0 3000 2 3 3 11
4 16 0 1 0 0 0 3000 2 14 14 3
4 17 0 1 0 0 0 3000 3 13 13 14
4 18 0 1 0 0 0 3000 2 15 15 13
4 19 1 1 1 0 0 794 1 13 13 15
4 20 0 1 0 0 0 3000 3 1 1 13
4 21 1 0 0 1 0 3000 1 13 13 1
4 22 1 1 1 0 0 1175 1 1 1 13
4 23 1 0 0 1 0 3000 1 13 13 1
4 24 0 1 0 0 0 3000 3 5 5 13
4 25 1 1 1 0 0 843 1 13 13 5
5 1 0 1 0 0 0 3000 2 9 9 13
5 2 0 1 0 0 0 3000 2 6 6 9
5 3 1 1 1 0 0 793 1 9 9 6
5 4 0 1 0 0 0 3000 2 14 14 9
5 5 1 0 0 1 0 3000 1 9 9 14
5 6 0 1 0 0 0 3000 3 3 3 9
5 7 0 1 0 0 0 3000 3 6 6 3
5 8 0 0 0 0 1 747 3 6 6 6
5 9 0 1 0 0 0 3000 2 15 15 6
5 10 0 1 0 0 0 3000 2 1 1 15
5 11 0 1 0 0 0 3000 3 14 14 1
5 12 0 1 0 0 0 3000 2 12 12 14
5 13 0 1 0 0 0 3000 3 2 2 12
5 14 1 0 0 1 0 3000 1 12 12 2
5 15 0 0 0 0 1 621 2 12 12 12
5 16 1 0 0 1 0 3000 1 12 12 12
5 17 1 0 0 1 0 3000 1 12 12 12
5 18 1 1 1 0 0 402 1 12 12 12
5 19 0 1 0 0 0 3000 2 6 6 12
5 20 0 1 0 0 0 3000 3 6 6 6
5 21 0 1 0 0 0 3000 2 8 8 6
5 22 0 1 0 0 0 3000 2 14 14 8
5 23 0 1 0 0 0 3000 2 2 2 14
5 24 1 1 1 0 0 1317 1 14 14 2
5 25 0 1 0 0 0 3000 2 13 13 14
