1 1 0 1 0 0 0 3000 3 1 1 0
1 2 0 1 0 0 0 3000 3 5 5 1
1 3 1 1 1 0 0 466 1 1 1 5
1 4 0 1 0 0 0 3000 3 12 12 1
1 5 0 1 0 0 0 3000 3 6 6 12
1 6 0 1 0 0 0 3000 2 13 13 6
1 7 1 1 1 0 0 512 1 6 6 13
1 8 0 1 0 0 0 3000 2 14 14 6
1 9 1 1 1 0 0 902 1 6 6 14
1 10 1 0 0 1 0 3000 1 14 14 6
1 11 1 1 1 0 0 460 1 6 6 14
1 12 0 1 0 0 0 3000 2 9 9 6
1 13 1 1 1 0 0 531 1 6 6 9
1 14 0 1 0 0 0 3000 3 1 1 6
1 15 0 1 0 0 0 3000 3 5 5 1
1 16 1 1 1 0 0 505 1 1 1 5
1 17 0 1 0 0 0 3000 2 13 13 1
1 18 1 1 1 0 0 2719 1 1 1 13
1 19 0 1 0 0 0 3000 2 10 10 1
1 20 0 1 0 0 0 3000 3 5 5 10
1 21 0 1 0 0 0 3000 2 8 8 5
1 22 0 1 0 0 0 3000 3 11 11 8
1 23 0 1 0 0 0 3000 2 15 15 11
1 24 0 1 0 0 0 3000 2 7 7 15
1 25 1 1 1 0 0 433 1 15 15 7
2 1 0 1 0 0 0 3000 1 11 11 15
2 2 0 1 0 0 0 3000 3 13 13 11
2 3 1 1 1 0 0 539 1 11 11 13
2 4 0 1 0 0 0 3000 2 5 5 11
2 5 1 1 1 0 0 521 1 11 11 5
2 6 0 1 0 0 0 3000 3 10 10 11
2 7 0 1 0 0 0 3000 3 15 15 10
2 8 0 1 0 0 0 3000 2 2 2 15
2 9 1 1 1 0 0 550 1 15 15 2
2 10 0 1 0 0 0 3000 2 13 13 15
2 11 1 1 1 0 0 450 1 15 15 13
2 12 0 1 0 0 0 3000 2 10 10 15
2 13 0 1 0 0 0 3000 3 6 6 10
2 14 1 1 1 0 0 449 1 10 10 6
2 15 1 1 1 0 0 778 1 6 6 10
2 16 1 1 1 0 0 1627 1 10 10 6
2 17 0 0 0 0 1 729 2 10 10 10
2 18 0 1 0 0 0 3000 3 2 2 10
2 19 1 1 1 0 0 398 1 10 10 2
2 20 0 1 0 0 0 3000 3 10 10 10
2 21 0 1 0 0 0 3000 2 15 15 10
2 22 0 1 0 0 0 3000 2 2 2 15
2 23 0 0 0 0 1 1067 3 2 2 2
2 24 0 1 0 0 0 3000 3 11 11 2
2 25 1 1 1 0 0 857 1 2 2 11
3 1 0 1 0 0 0 3000 2 13 13 2
3 2 0 1 0 0 0 3000 1 7 7 13
3 3 0 1 0 0 0 3000 3 3 3 7
3 4 0 1 0 0 0 3000 3 5 5 3
3 5 1 1 1 0 0 491 1 3 3 5
3 6 0 1 0 0 0 3000 2 13 13 3
3 7 0 1 0 0 0 3000 3 13 13 13
3 8 0 1 0 0 0 3000 2 15 15 13
3 9 0 1 0 0 0 3000 2 12 12 15
3 10 1 1 1 0 0 479 1 15 15 12
3 11 0 1 0 0 0 3000 3 15 15 15
3 12 0 1 0 0 0 3000 2 6 6 15
3 13 0 1 0 0 0 3000 3 1 1 6
3 14 1 1 1 0 0 526 1 6 6 1
3 15 0 1 0 0 0 3000 2 13 13 6
3 16 0 1 0 0 0 3000 2 9 9 13
3 17 1 1 1 0 0 434 1 13 13 9
3 18 0 1 0 0 0 3000 2 3 3 13
3 19 0 1 0 0 0 3000 2 15 15 3
3 20 0 1 0 0 0 3000 2 4 4 15
3 21 0 1 0 0 0 3000 3 5 5 4
3 22 0 1 0 0 0 3000 3 10 10 5
3 23 0 1 0 0 0 3000 2 7 7 10
3 24 0 1 0 0 0 3000 3 5 5 7
3 25 0 1 0 0 0 3000 2 6 6 5
4 1 0 1 0 0 0 3000 2 12 12 6
4 2 0 1 0 0 0 3000 2 3 3 12
4 3 1 1 1 0 0 581 1 12 12 3
4 4 1 1 1 0 0 519 1 3 3 12
4 5 0 1 0 0 0 3000 2 11 11 3
4 6 0 1 0 0 0 3000 2 5 5 11
4 7 0 1 0 0 0 3000 3 2 2 5
4 8 1 1 1 0 0 448 1 5 5 2
4 9 1 1 1 0 0 554 1 2 2 5
4 10 1 1 1 0 0 913 1 5 5 2
4 11 0 1 0 0 0 3000 3 3 3 5
4 12 1 1 1 0 0 392 1 5 5 3
4 13 0 1 0 0 0 3000 2 1 1 5
4 14 1 1 1 0 0 1549 1 5 5 1
4 15 0 1 0 0 0 3000 2 11 11 5
4 16 0 1 0 0 0 3000 2 2 2 11
4 17 0 1 0 0 0 3000 3 14 14 2
4 18 1 1 1 0 0 657 1 2 2 14
4 19 1 1 1 0 0 703 1 14 14 2
4 20 1 1 1 0 0 2143 1 2 2 14
4 21 0 1 0 0 0 3000 2 9 9 2
4 22 0 1 0 0 0 3000 2 15 15 9
4 23 0 1 0 0 0 3000 2 6 6 15
4 24 1 1 1 0 0 491 1 15 15 6
4 25 0 1 0 0 0 3000 2 14 14 15
5 1 0 1 0 0 0 3000 2 4 4 14
5 2 0 1 0 0 0 3000 2 8 8 4
5 3 0 1 0 0 0 3000 2 12 12 8
5 4 0 1 0 0 0 3000 3 6 6 12
5 5 0 1 0 0 0 3000 3 7 7 6
5 6 0 1 0 0 0 3000 3 1 1 7
5 7 0 1 0 0 0 3000 2 2 2 1
5 8 0 1 0 0 0 3000 2 6 6 2
5 9 0 1 0 0 0 3000 3 8 8 6
5 10 0 1 0 0 0 3000 3 10 10 8
5 11 0 1 0 0 0 3000 3 6 6 10
5 12 1 1 1 0 0 696 1 10 10 6
5 13 0 1 0 0 0 3000 3 1 1 10
5 14 0 1 0 0 0 3000 2 3 3 1
5 15 1 1 1 0 0 409 1 1 1 3
5 16 0 1 0 0 0 3000 3 8 8 1
5 17 0 1 0 0 0 3000 2 12 12 8
5 18 0 1 0 0 0 3000 2 1 1 12
5 19 0 1 0 0 0 3000 2 2 2 1
5 20 0 1 0 0 0 3000 3 2 2 2
5 21 0 1 0 0 0 3000 3 15 15 2
5 22 0 1 0 0 0 3000 3 3 3 15
5 23 0 1 0 0 0 3000 3 11 11 3
5 24 0 1 0 0 0 3000 3 9 9 11
5 25 1 1 1 0 0 416 1 11 11 9
