1 1 0 1 0 0 0 3000 3 9 9 0
1 2 0 1 0 0 0 3000 2 1 1 9
1 3 0 1 0 0 0 3000 3 1 1 1
1 4 0 1 0 0 0 3000 3 9 9 1
1 5 0 1 0 0 0 3000 3 14 14 9
1 6 1 0 0 1 0 3000 1 9 9 14
1 7 0 1 0 0 0 3000 3 13 13 9
1 8 0 1 0 0 0 3000 3 13 13 13
1 9 0 1 0 0 0 3000 2 6 6 13
1 10 1 0 0 1 0 3000 1 13 13 6
1 11 0 1 0 0 0 3000 2 5 5 13
1 12 1 0 0 1 0 3000 1 13 13 5
1 13 0 1 0 0 0 3000 3 15 15 13
1 14 1 0 0 1 0 3000 1 13 13 15
1 15 0 1 0 0 0 3000 3 12 12 13
1 16 0 1 0 0 0 3000 2 8 8 12
1 17 0 1 0 0 0 3000 3 14 14 8
1 18 0 1 0 0 0 3000 3 3 3 14
1 19 0 1 0 0 0 3000 2 2 2 3
1 20 1 0 0 1 0 3000 1 3 3 2
1 21 1 0 0 1 0 3000 1 2 2 3
1 22 0 0 0 0 1 326 2 5 5 2
1 23 0 1 0 0 0 3000 3 9 9 5
1 24 1 1 1 0 0 243 1 5 5 9
1 25 1 1 1 0 0 1274 1 9 9 5
2 1 0 1 0 0 0 3000 2 15 15 9
2 2 0 1 0 0 0 3000 3 2 2 15
2 3 0 1 0 0 0 3000 2 8 8 2
2 4 0 1 0 0 0 3000 3 4 4 8
2 5 1 1 1 0 0 581 1 8 8 4
2 6 0 1 0 0 0 3000 3 10 10 8
2 7 1 1 1 0 0 357 1 8 8 10
2 8 1 1 1 0 0 674 1 10 10 8
2 9 1 1 1 0 0 601 1 8 8 10
2 10 0 1 0 0 0 3000 2 8 8 8
2 11 0 0 0 0 1 349 2 3 3 8
2 12 0 1 0 0 0 3000 2 12 12 3
2 13 0 1 0 0 0 3000 2 15 15 12
2 14 1 1 1 0 0 432 1 12 12 15
2 15 1 1 1 0 0 1296 1 15 15 12
2 16 0 0 0 0 1 866 2 2 2 15
2 17 1 1 1 0 0 498 1 15 15 2
2 18 0 1 0 0 0 3000 2 14 14 15
2 19 1 1 1 0 0 354 1 15 15 14
2 20 1 1 1 0 0 474 1 14 14 15
2 21 0 1 0 0 0 3000 2 11 11 14
2 22 1 1 1 0 0 418 1 14 14 11
2 23 1 1 1 0 0 639 1 11 11 14
2 24 1 1 1 0 0 408 1 14 14 11
2 25 0 1 0 0 0 3000 3 5 5 14
3 1 0 1 0 0 0 3000 1 7 7 5
3 2 0 1 0 0 0 3000 1 1 1 7
3 3 1 1 1 0 0 350 1 7 7 1
3 4 1 1 1 0 0 416 1 1 1 7
3 5 1 1 1 0 0 499 1 7 7 1
3 6 0 0 0 0 1 695 3 11 11 7
3 7 1 1 1 0 0 429 1 7 7 11
3 8 0 1 0 0 0 3000 3 9 9 7
3 9 0 1 0 0 0 3000 3 2 2 9
3 10 0 0 0 0 1 580 3 3 3 2
3 11 1 1 1 0 0 432 1 2 2 3
3 12 0 0 0 0 1 465 2 1 1 2
3 13 1 1 1 0 0 442 1 2 2 1
3 14 0 1 0 0 0 3000 2 12 12 2
3 15 0 1 0 0 0 3000 3 11 11 12
3 16 1 1 1 0 0 374 1 12 12 11
3 17 0 1 0 0 0 3000 2 13 13 12
3 18 0 0 0 0 1 315 2 7 7 13
3 19 0 0 0 0 1 396 3 7 7 7
3 20 1 1 1 0 0 392 1 7 7 7
3 21 0 1 0 0 0 3000 3 9 9 7
3 22 1 1 1 0 0 292 1 7 7 9
3 23 0 0 0 0 1 1439 2 3 3 7
3 24 1 1 1 0 0 437 1 7 7 3
3 25 0 1 0 0 0 3000 2 2 2 7
4 1 0 1 0 0 0 3000 2 12 12 2
4 2 0 1 0 0 0 3000 3 3 3 12
4 3 1 1 1 0 0 333 1 12 12 3
4 4 0 1 0 0 0 3000 2 13 13 12
4 5 1 1 1 0 0 559 1 12 12 13
4 6 0 1 0 0 0 3000 2 8 8 12
4 7 1 1 1 0 0 381 1 12 12 8
4 8 0 1 0 0 0 3000 2 2 2 12
4 9 0 0 0 0 1 388 2 4 4 2
4 10 0 1 0 0 0 3000 2 11 11 4
4 11 1 0 0 1 0 3000 1 4 4 11
4 12 0 0 0 0 1 335 2 7 7 4
4 13 1 1 1 0 0 481 1 4 4 7
4 14 0 0 0 0 1 437 2 11 11 4
4 15 0 1 0 0 0 3000 2 1 1 11
4 16 1 1 1 0 0 440 1 11 11 1
4 17 0 1 0 0 0 3000 2 8 8 11
4 18 0 0 0 0 1 541 3 2 2 8
4 19 0 1 0 0 0 3000 2 15 15 2
4 20 1 1 1 0 0 403 1 2 2 15
4 21 0 1 0 0 0 3000 3 10 10 2
4 22 0 0 0 0 1 437 2 4 4 10
4 23 0 0 0 0 1 363 3 7 7 4
4 24 0 0 0 0 1 389 2 10 10 7
4 25 1 1 1 0 0 378 1 7 7 10
5 1 0 1 0 0 0 3000 1 11 11 7
5 2 0 1 0 0 0 3000 2 9 9 11
5 3 1 1 1 0 0 367 1 11 11 9
5 4 0 1 0 0 0 3000 3 10 10 11
5 5 0 1 0 0 0 3000 3 6 6 10
5 6 1 0 0 1 0 3000 1 10 10 6
5 7 0 1 0 0 0 3000 3 15 15 10
5 8 1 1 1 0 0 1056 1 10 10 15
5 9 0 0 0 0 1 1368 3 4 4 10
5 10 0 1 0 0 0 3000 2 14 14 4
5 11 0 0 0 0 1 381 2 3 3 14
5 12 0 0 0 0 1 439 2 10 10 3
5 13 0 0 0 0 1 401 2 7 7 10
5 14 1 1 1 0 0 374 1 10 10 7
5 15 0 1 0 0 0 3000 3 1 1 10
5 16 0 0 0 0 1 482 3 12 12 1
5 17 0 0 0 0 1 478 2 7 7 12
5 18 0 0 0 0 1 696 3 8 8 7
5 19 0 1 0 0 0 3000 3 6 6 8
5 20 1 1 1 0 0 366 1 8 8 6
5 21 0 0 0 0 1 456 3 8 8 8
5 22 0 0 0 0 1 630 3 9 9 8
5 23 1 1 1 0 0 350 1 8 8 9
5 24 0 1 0 0 0 3000 2 1 1 8
5 25 0 0 0 0 1 447 2 9 9 1
