1 1 0 1 0 0 0 3000 3 9 9 0
1 2 0 1 0 0 0 3000 3 6 6 9
1 3 0 1 0 0 0 3000 2 15 15 6
1 4 0 1 0 0 0 3000 3 14 14 15
1 5 0 1 0 0 0 3000 2 1 1 14
1 6 1 1 1 0 0 866 1 14 14 1
1 7 0 1 0 0 0 3000 2 7 7 14
1 8 0 1 0 0 0 3000 3 13 13 7
1 9 1 1 1 0 0 526 1 7 7 13
1 10 0 1 0 0 0 3000 2 8 8 7
1 11 1 0 0 1 0 3000 1 7 7 8
1 12 1 1 1 0 0 558 1 8 8 7
1 13 0 1 0 0 0 3000 2 11 11 8
1 14 0 1 0 0 0 3000 2 1 1 11
1 15 0 1 0 0 0 3000 3 14 14 1
1 16 0 1 0 0 0 3000 2 2 2 14
1 17 0 1 0 0 0 3000 2 3 3 2
1 18 0 0 0 0 1 510 2 8 8 3
1 19 0 1 0 0 0 3000 3 14 14 8
1 20 1 0 0 1 0 3000 1 8 8 14
1 21 0 1 0 0 0 3000 3 5 5 8
1 22 0 1 0 0 0 3000 2 15 15 5
1 23 0 1 0 0 0 3000 2 3 3 15
1 24 1 1 1 0 0 551 1 15 15 3
1 25 1 0 0 1 0 3000 1 3 3 15
2 1 0 1 0 0 0 3000 1 4 4 3
2 2 0 1 0 0 0 3000 3 10 10 4
2 3 1 1 1 0 0 424 1 4 4 10
2 4 1 0 0 1 0 3000 1 10 10 4
2 5 0 1 0 0 0 3000 3 5 5 10
2 6 1 1 1 0 0 517 1 10 10 5
2 7 0 1 0 0 0 3000 2 8 8 10
2 8 0 1 0 0 0 3000 2 8 8 8
2 9 0 1 0 0 0 3000 2 1 1 8
2 10 1 1 1 0 0 538 1 8 8 1
2 11 0 1 0 0 0 3000 2 12 12 8
2 12 1 0 0 1 0 3000 1 8 8 12
2 13 1 1 1 0 0 590 1 12 12 8
2 14 0 1 0 0 0 3000 2 7 7 12
2 15 0 1 0 0 0 3000 2 3 3 7
2 16 0 1 0 0 0 3000 2 1 1 3
2 17 1 1 1 0 0 620 1 3 3 1
2 18 0 1 0 0 0 3000 2 10 10 3
2 19 0 1 0 0 0 3000 3 14 14 10
2 20 0 1 0 0 0 3000 2 5 5 14
2 21 0 1 0 0 0 3000 3 12 12 5
2 22 1 1 1 0 0 383 1 5 5 12
2 23 1 0 0 1 0 3000 1 12 12 5
2 24 0 1 0 0 0 3000 3 6 6 12
2 25 0 1 0 0 0 3000 2 7 7 6
3 1 0 1 0 0 0 3000 1 10 10 7
3 2 0 1 0 0 0 3000 2 12 12 10
3 3 0 1 0 0 0 3000 2 8 8 12
3 4 1 1 1 0 0 539 1 12 12 8
3 5 0 1 0 0 0 3000 2 14 14 12
3 6 0 1 0 0 0 3000 2 5 5 14
3 7 0 1 0 0 0 3000 3 6 6 5
3 8 0 1 0 0 0 3000 3 10 10 6
3 9 0 1 0 0 0 3000 3 5 5 10
3 10 1 1 1 0 0 668 1 10 10 5
3 11 0 1 0 0 0 3000 3 1 1 10
3 12 1 0 0 1 0 3000 1 10 10 1
3 13 0 1 0 0 0 3000 2 9 9 10
3 14 0 1 0 0 0 3000 3 8 8 9
3 15 0 1 0 0 0 3000 2 7 7 8
3 16 0 1 0 0 0 3000 2 15 15 7
3 17 0 1 0 0 0 3000 3 2 2 15
3 18 1 1 1 0 0 420 1 15 15 2
3 19 1 0 0 1 0 3000 1 2 2 15
3 20 1 0 0 1 0 3000 1 15 15 2
3 21 0 1 0 0 0 3000 2 8 8 15
3 22 0 1 0 0 0 3000 3 4 4 8
3 23 1 1 1 0 0 502 1 8 8 4
3 24 1 0 0 1 0 3000 1 4 4 8
3 25 0 1 0 0 0 3000 3 7 7 4
4 1 0 1 0 0 0 3000 1 5 5 7
4 2 0 1 0 0 0 3000 3 6 6 5
4 3 1 1 1 0 0 617 1 5 5 6
4 4 0 1 0 0 0 3000 2 7 7 5
4 5 1 0 0 1 0 3000 1 5 5 7
4 6 0 1 0 0 0 3000 3 10 10 5
4 7 1 1 1 0 0 598 1 5 5 10
4 8 0 1 0 0 0 3000 3 8 8 5
4 9 0 1 0 0 0 3000 3 12 12 8
4 10 1 1 1 0 0 442 1 8 8 12
4 11 0 1 0 0 0 3000 3 8 8 8
4 12 0 1 0 0 0 3000 2 6 6 8
4 13 1 1 1 0 0 529 1 8 8 6
4 14 0 1 0 0 0 3000 3 3 3 8
4 15 0 1 0 0 0 3000 2 2 2 3
4 16 0 1 0 0 0 3000 3 9 9 2
4 17 0 1 0 0 0 3000 2 15 15 9
4 18 0 1 0 0 0 3000 2 13 13 15
4 19 0 1 0 0 0 3000 2 7 7 13
4 20 1 1 1 0 0 473 1 13 13 7
4 21 1 0 0 1 0 3000 1 7 7 13
4 22 1 0 0 1 0 3000 1 13 13 7
4 23 0 1 0 0 0 3000 3 15 15 13
4 24 0 1 0 0 0 3000 3 1 1 15
4 25 1 1 1 0 0 431 1 15 15 1
5 1 0 1 0 0 0 3000 2 6 6 15
5 2 0 1 0 0 0 3000 3 5 5 6
5 3 1 1 1 0 0 490 1 6 6 5
5 4 0 1 0 0 0 3000 2 13 13 6
5 5 0 1 0 0 0 3000 3 10 10 13
5 6 0 1 0 0 0 3000 2 3 3 10
5 7 0 1 0 0 0 3000 2 14 14 3
5 8 0 1 0 0 0 3000 2 5 5 14
5 9 0 1 0 0 0 3000 2 1 1 5
5 10 0 1 0 0 0 3000 2 13 13 1
5 11 0 1 0 0 0 3000 3 9 9 13
5 12 1 1 1 0 0 555 1 13 13 9
5 13 1 0 0 1 0 3000 1 9 9 13
5 14 1 0 0 1 0 3000 1 13 13 9
5 15 0 1 0 0 0 3000 2 11 11 13
5 16 1 1 1 0 0 389 1 13 13 11
5 17 0 1 0 0 0 3000 2 3 3 13
5 18 0 1 0 0 0 3000 2 9 9 3
5 19 0 1 0 0 0 3000 2 6 6 9
5 20 1 1 1 0 0 593 1 9 9 6
5 21 0 1 0 0 0 3000 3 5 5 9
5 22 0 1 0 0 0 3000 2 6 6 5
5 23 0 0 0 0 1 630 3 6 6 6
5 24 0 1 0 0 0 3000 3 2 2 6
5 25 0 1 0 0 0 3000 2 2 2 2
