1 1 0 1 0 0 0 3000 1 14 14 0
1 2 0 1 0 0 0 3000 2 7 7 14
1 3 0 1 0 0 0 3000 3 10 10 7
1 4 0 1 0 0 0 3000 2 2 2 10
1 5 1 1 1 0 0 648 1 10 10 2
1 6 0 1 0 0 0 3000 2 6 6 10
1 7 0 1 0 0 0 3000 3 9 9 6
1 8 1 1 1 0 0 498 1 6 6 9
1 9 1 1 1 0 0 698 1 9 9 6
1 10 0 1 0 0 0 3000 2 10 10 9
1 11 0 1 0 0 0 3000 2 11 11 10
1 12 0 1 0 0 0 3000 3 5 5 11
1 13 0 1 0 0 0 3000 3 3 3 5
1 14 0 1 0 0 0 3000 3 15 15 3
1 15 0 1 0 0 0 3000 2 2 2 15
1 16 0 1 0 0 0 3000 2 13 13 2
1 17 1 0 0 1 0 3000 1 2 2 13
1 18 1 1 1 0 0 895 1 13 13 2
1 19 0 1 0 0 0 3000 3 4 4 13
1 20 1 1 1 0 0 1045 1 13 13 4
1 21 0 1 0 0 0 3000 3 8 8 13
1 22 0 1 0 0 0 3000 3 9 9 8
1 23 0 1 0 0 0 3000 3 6 6 9
1 24 0 1 0 0 0 3000 3 3 3 6
1 25 1 1 1 0 0 744 1 6 6 3
2 1 0 1 0 0 0 3000 2 5 5 6
2 2 0 1 0 0 0 3000 2 11 11 5
2 3 1 1 1 0 0 610 1 5 5 11
2 4 0 1 0 0 0 3000 3 14 14 5
2 5 0 1 0 0 0 3000 3 6 6 14
2 6 0 1 0 0 0 3000 3 2 2 6
2 7 0 1 0 0 0 3000 3 15 15 2
2 8 1 1 1 0 0 598 1 2 2 15
2 9 0 1 0 0 0 3000 2 2 2 2
2 10 0 1 0 0 0 3000 3 8 8 2
2 11 0 1 0 0 0 3000 3 11 11 8
2 12 1 1 1 0 0 561 1 8 8 11
2 13 1 1 1 0 0 504 1 11 11 8
2 14 1 1 1 0 0 942 1 8 8 11
2 15 0 1 0 0 0 3000 2 5 5 8
2 16 0 1 0 0 0 3000 3 12 12 5
2 17 1 1 1 0 0 643 1 5 5 12
2 18 0 1 0 0 0 3000 3 10 10 5
2 19 0 1 0 0 0 3000 3 7 7 10
2 20 1 1 1 0 0 559 1 10 10 7
2 21 0 1 0 0 0 3000 3 1 1 10
2 22 0 1 0 0 0 3000 3 15 15 1
2 23 0 1 0 0 0 3000 2 8 8 15
2 24 0 1 0 0 0 3000 2 6 6 8
2 25 1 1 1 0 0 450 1 8 8 6
3 1 0 1 0 0 0 3000 2 3 3 8
3 2 0 1 0 0 0 3000 2 12 12 3
3 3 1 1 1 0 0 618 1 3 3 12
3 4 0 1 0 0 0 3000 2 7 7 3
3 5 1 1 1 0 0 594 1 3 3 7
3 6 0 1 0 0 0 3000 2 2 2 3
3 7 0 1 0 0 0 3000 2 15 15 2
3 8 0 1 0 0 0 3000 3 12 12 15
3 9 0 1 0 0 0 3000 2 1 1 12
3 10 1 1 1 0 0 445 1 12 12 1
3 11 1 1 1 0 0 603 1 1 1 12
3 12 1 1 1 0 0 448 1 12 12 1
3 13 1 1 1 0 0 509 1 1 1 12
3 14 0 1 0 0 0 3000 2 8 8 1
3 15 1 1 1 0 0 595 1 1 1 8
3 16 0 1 0 0 0 3000 3 15 15 1
3 17 0 1 0 0 0 3000 3 2 2 15
3 18 0 1 0 0 0 3000 3 7 7 2
3 19 0 1 0 0 0 3000 2 5 5 7
3 20 1 1 1 0 0 751 1 7 7 5
3 21 0 1 0 0 0 3000 2 7 7 7
3 22 1 1 1 0 0 461 1 7 7 7
3 23 0 1 0 0 0 3000 2 4 4 7
3 24 0 1 0 0 0 3000 2 2 2 4
3 25 1 1 1 0 0 382 1 4 4 2
4 1 0 1 0 0 0 3000 2 3 3 4
4 2 0 1 0 0 0 3000 1 8 8 3
4 3 0 1 0 0 0 3000 3 12 12 8
4 4 1 1 1 0 0 613 1 8 8 12
4 5 0 1 0 0 0 3000 2 5 5 8
4 6 1 1 1 0 0 603 1 8 8 5
4 7 1 1 1 0 0 434 1 5 5 8
4 8 0 1 0 0 0 3000 2 11 11 5
4 9 0 1 0 0 0 3000 3 9 9 11
4 10 1 1 1 0 0 435 1 11 11 9
4 11 0 1 0 0 0 3000 2 3 3 11
4 12 0 1 0 0 0 3000 3 15 15 3
4 13 0 1 0 0 0 3000 3 13 13 15
4 14 0 1 0 0 0 3000 3 3 3 13
4 15 0 1 0 0 0 3000 3 10 10 3
4 16 1 1 1 0 0 485 1 3 3 10
4 17 0 1 0 0 0 3000 3 15 15 3
4 18 0 1 0 0 0 3000 3 13 13 15
4 19 1 0 0 1 0 3000 1 15 15 13
4 20 0 1 0 0 0 3000 3 5 5 15
4 21 1 1 1 0 0 629 1 15 15 5
4 22 0 1 0 0 0 3000 2 13 13 15
4 23 1 0 0 1 0 3000 1 15 15 13
4 24 1 1 1 0 0 719 1 13 13 15
4 25 1 1 1 0 0 681 1 15 15 13
5 1 0 1 0 0 0 3000 3 15 15 15
5 2 0 1 0 0 0 3000 1 10 10 15
5 3 1 1 1 0 0 549 1 15 15 10
5 4 1 1 1 0 0 498 1 10 10 15
5 5 0 1 0 0 0 3000 2 12 12 10
5 6 0 1 0 0 0 3000 3 15 15 12
5 7 0 1 0 0 0 3000 2 9 9 15
5 8 0 1 0 0 0 3000 2 3 3 9
5 9 0 1 0 0 0 3000 2 6 6 3
5 10 0 1 0 0 0 3000 2 15 15 6
5 11 0 1 0 0 0 3000 3 13 13 15
5 12 0 1 0 0 0 3000 2 9 9 13
5 13 0 1 0 0 0 3000 3 15 15 9
5 14 1 1 1 0 0 429 1 9 9 15
5 15 0 1 0 0 0 3000 2 9 9 9
5 16 0 1 0 0 0 3000 3 7 7 9
5 17 0 1 0 0 0 3000 2 5 5 7
5 18 1 1 1 0 0 1035 1 7 7 5
5 19 0 1 0 0 0 3000 3 4 4 7
5 20 0 1 0 0 0 3000 3 3 3 4
5 21 0 1 0 0 0 3000 2 9 9 3
5 22 0 1 0 0 0 3000 2 1 1 9
5 23 0 1 0 0 0 3000 3 11 11 1
5 24 1 1 1 0 0 684 1 1 1 11
5 25 0 1 0 0 0 3000 2 1 1 1
