1 1 0 1 0 0 0 3000 2 4 4 0
1 2 0 1 0 0 0 3000 1 3 3 4
1 3 1 0 0 1 0 3000 1 4 4 3
1 4 0 0 0 0 1 41 2 6 6 4
1 5 0 1 0 0 0 3000 3 2 2 6
1 6 0 1 0 0 0 3000 3 1 1 2
1 7 0 0 0 0 1 784 2 3 3 1
1 8 1 1 1 0 0 840 1 1 1 3
1 9 0 1 0 0 0 3000 3 14 14 1
1 10 1 1 1 0 0 534 1 1 1 14
1 11 0 0 0 0 1 390 3 3 3 1
1 12 1 1 1 0 0 603 1 1 1 3
1 13 1 1 1 0 0 1108 1 3 3 1
1 14 0 0 0 0 1 801 2 3 3 3
1 15 1 1 1 0 0 530 1 3 3 3
1 16 1 1 1 0 0 495 1 3 3 3
1 17 1 1 1 0 0 486 1 3 3 3
1 18 1 1 1 0 0 425 1 3 3 3
1 19 0 0 0 0 1 591 2 12 12 3
1 20 0 1 0 0 0 3000 2 8 8 12
1 21 1 1 1 0 0 588 1 12 12 8
1 22 1 1 1 0 0 511 1 8 8 12
1 23 0 1 0 0 0 3000 3 4 4 8
1 24 0 0 0 0 1 570 3 4 4 4
1 25 0 1 0 0 0 3000 2 6 6 4
2 1 0 1 0 0 0 3000 3 8 8 6
2 2 0 1 0 0 0 3000 2 5 5 8
2 3 1 1 1 0 0 456 1 8 8 5
2 4 1 1 1 0 0 504 1 5 5 8
2 5 0 1 0 0 0 3000 3 10 10 5
2 6 0 1 0 0 0 3000 3 7 7 10
2 7 0 1 0 0 0 3000 2 3 3 7
2 8 0 1 0 0 0 3000 2 11 11 3
2 9 0 0 0 0 1 466 3 11 11 11
2 10 1 1 1 0 0 534 1 11 11 11
2 11 1 1 1 0 0 566 1 11 11 11
2 12 0 1 0 0 0 3000 2 12 12 11
2 13 0 1 0 0 0 3000 3 14 14 12
2 14 0 1 0 0 0 3000 2 5 5 14
2 15 1 1 1 0 0 518 1 14 14 5
2 16 0 1 0 0 0 3000 3 14 14 14
2 17 0 1 0 0 0 3000 3 6 6 14
2 18 0 1 0 0 0 3000 3 12 12 6
2 19 0 1 0 0 0 3000 3 4 4 12
2 20 1 1 1 0 0 1106 1 12 12 4
2 21 0 1 0 0 0 3000 3 9 9 12
2 22 0 1 0 0 0 3000 3 10 10 9
2 23 0 1 0 0 0 3000 2 11 11 10
2 24 0 0 0 0 1 581 3 3 3 11
2 25 0 0 0 0 1 670 2 14 14 3
3 1 0 1 0 0 0 3000 1 10 10 14
3 2 0 1 0 0 0 3000 2 1 1 10
3 3 0 1 0 0 0 3000 3 13 13 1
3 4 0 1 0 0 0 3000 3 4 4 13
3 5 0 1 0 0 0 3000 2 5 5 4
3 6 0 1 0 0 0 3000 3 11 11 5
3 7 0 1 0 0 0 3000 2 3 3 11
3 8 1 1 1 0 0 881 1 11 11 3
3 9 0 1 0 0 0 3000 3 4 4 11
3 10 0 0 0 0 1 1270 3 4 4 4
3 11 0 1 0 0 0 3000 2 6 6 4
3 12 1 1 1 0 0 502 1 4 4 6
3 13 1 0 0 1 0 3000 1 6 6 4
3 14 0 1 0 0 0 3000 3 5 5 6
3 15 0 1 0 0 0 3000 2 4 4 5
3 16 0 1 0 0 0 3000 3 12 12 4
3 17 0 1 0 0 0 3000 3 10 10 12
3 18 0 1 0 0 0 3000 3 9 9 10
3 19 0 1 0 0 0 3000 2 6 6 9
3 20 0 1 0 0 0 3000 2 12 12 6
3 21 0 1 0 0 0 3000 3 2 2 12
3 22 0 1 0 0 0 3000 3 14 14 2
3 23 0 1 0 0 0 3000 2 10 10 14
3 24 0 0 0 0 1 605 3 12 12 10
3 25 1 1 1 0 0 1437 1 10 10 12
4 1 0 1 0 0 0 3000 3 9 9 10
4 2 0 1 0 0 0 3000 1 13 13 9
4 3 0 1 0 0 0 3000 2 10 10 13
4 4 0 1 0 0 0 3000 3 2 2 10
4 5 0 1 0 0 0 3000 3 3 3 2
4 6 1 1 1 0 0 436 1 2 2 3
4 7 1 1 1 0 0 726 1 3 3 2
4 8 0 1 0 0 0 3000 2 9 9 3
4 9 0 1 0 0 0 3000 3 5 5 9
4 10 0 1 0 0 0 3000 2 7 7 5
4 11 0 1 0 0 0 3000 2 4 4 7
4 12 0 1 0 0 0 3000 2 10 10 4
4 13 1 1 1 0 0 766 1 4 4 10
4 14 0 1 0 0 0 3000 2 6 6 4
4 15 1 1 1 0 0 515 1 4 4 6
4 16 0 1 0 0 0 3000 2 7 7 4
4 17 1 0 0 1 0 3000 1 4 4 7
4 18 1 1 1 0 0 664 1 7 7 4
4 19 1 1 1 0 0 809 1 4 4 7
4 20 1 1 1 0 0 504 1 7 7 4
4 21 1 1 1 0 0 509 1 4 4 7
4 22 0 1 0 0 0 3000 3 9 9 4
4 23 0 1 0 0 0 3000 2 11 11 9
4 24 0 1 0 0 0 3000 2 8 8 11
4 25 1 1 1 0 0 838 1 11 11 8
5 1 0 1 0 0 0 3000 2 7 7 11
5 2 0 1 0 0 0 3000 3 2 2 7
5 3 0 1 0 0 0 3000 3 15 15 2
5 4 0 1 0 0 0 3000 2 11 11 15
5 5 1 1 1 0 0 682 1 15 15 11
5 6 0 1 0 0 0 3000 3 3 3 15
5 7 0 1 0 0 0 3000 3 13 13 3
5 8 0 0 0 0 1 608 3 15 15 13
5 9 1 0 0 1 0 3000 1 13 13 15
5 10 0 1 0 0 0 3000 3 11 11 13
5 11 0 1 0 0 0 3000 3 9 9 11
5 12 0 1 0 0 0 3000 3 8 8 9
5 13 0 1 0 0 0 3000 2 5 5 8
5 14 0 0 0 0 1 698 2 9 9 5
5 15 1 1 1 0 0 619 1 5 5 9
5 16 0 1 0 0 0 3000 3 2 2 5
5 17 0 1 0 0 0 3000 2 10 10 2
5 18 1 1 1 0 0 623 1 2 2 10
5 19 0 1 0 0 0 3000 2 5 5 2
5 20 0 1 0 0 0 3000 2 6 6 5
5 21 1 1 1 0 0 613 1 5 5 6
5 22 0 1 0 0 0 3000 3 3 3 5
5 23 0 1 0 0 0 3000 2 1 1 3
5 24 0 1 0 0 0 3000 2 15 15 1
5 25 0 1 0 0 0 3000 2 12 12 15
