1 1 0 1 0 0 0 3000 2 6 6 0
1 2 0 1 0 0 0 3000 1 4 4 6
1 3 0 1 0 0 0 3000 3 13 13 4
1 4 1 1 1 0 0 409 1 4 4 13
1 5 1 1 1 0 0 1257 1 13 13 4
1 6 0 1 0 0 0 3000 3 12 12 13
1 7 1 1 1 0 0 984 1 13 13 12
1 8 1 1 1 0 0 458 1 12 12 13
1 9 1 1 1 0 0 469 1 13 13 12
1 10 0 1 0 0 0 3000 3 3 3 13
1 11 0 1 0 0 0 3000 3 6 6 3
1 12 1 1 1 0 0 360 1 3 3 6
1 13 0 1 0 0 0 3000 2 7 7 3
1 14 0 1 0 0 0 3000 2 14 14 7
1 15 1 1 1 0 0 266 1 7 7 14
1 16 0 1 0 0 0 3000 3 6 6 7
1 17 0 1 0 0 0 3000 3 1 1 6
1 18 1 1 1 0 0 355 1 6 6 1
1 19 0 1 0 0 0 3000 2 15 15 6
1 20 0 1 0 0 0 3000 3 3 3 15
1 21 1 1 1 0 0 319 1 15 15 3
1 22 1 1 1 0 0 884 1 3 3 15
1 23 0 1 0 0 0 3000 2 4 4 3
1 24 1 1 1 0 0 1345 1 3 3 4
1 25 0 1 0 0 0 3000 3 1 1 3
2 1 0 1 0 0 0 3000 1 5 5 1
2 2 0 1 0 0 0 3000 1 2 2 5
2 3 0 1 0 0 0 3000 3 12 12 2
2 4 1 1 1 0 0 349 1 2 2 12
2 5 1 1 1 0 0 327 1 12 12 2
2 6 0 1 0 0 0 3000 2 8 8 12
2 7 1 1 1 0 0 372 1 12 12 8
2 8 1 1 1 0 0 463 1 8 8 12
2 9 0 1 0 0 0 3000 2 1 1 8
2 10 1 1 1 0 0 666 1 8 8 1
2 11 1 1 1 0 0 402 1 1 1 8
2 12 0 1 0 0 0 3000 2 12 12 1
2 13 0 1 0 0 0 3000 2 4 4 12
2 14 0 1 0 0 0 3000 2 9 9 4
2 15 0 1 0 0 0 3000 3 11 11 9
2 16 0 1 0 0 0 3000 3 4 4 11
2 17 0 1 0 0 0 3000 2 14 14 4
2 18 1 1 1 0 0 607 1 4 4 14
2 19 1 1 1 0 0 702 1 14 14 4
2 20 0 1 0 0 0 3000 3 2 2 14
2 21 1 1 1 0 0 435 1 14 14 2
2 22 0 1 0 0 0 3000 3 10 10 14
2 23 0 1 0 0 0 3000 3 4 4 10
2 24 0 1 0 0 0 3000 2 3 3 4
2 25 1 1 1 0 0 552 1 4 4 3
3 1 0 1 0 0 0 3000 3 11 11 4
3 2 0 1 0 0 0 3000 2 2 2 11
3 3 1 1 1 0 0 330 1 11 11 2
3 4 1 1 1 0 0 354 1 2 2 11
3 5 0 1 0 0 0 3000 2 10 10 2
3 6 0 1 0 0 0 3000 3 13 13 10
3 7 0 1 0 0 0 3000 3 2 2 13
3 8 0 1 0 0 0 3000 3 15 15 2
3 9 0 1 0 0 0 3000 2 3 3 15
3 10 0 1 0 0 0 3000 3 6 6 3
3 11 0 1 0 0 0 3000 3 9 9 6
3 12 1 1 1 0 0 636 1 6 6 9
3 13 1 1 1 0 0 587 1 9 9 6
3 14 1 1 1 0 0 356 1 6 6 9
3 15 0 1 0 0 0 3000 3 3 3 6
3 16 0 1 0 0 0 3000 3 15 15 3
3 17 1 1 1 0 0 445 1 3 3 15
3 18 0 1 0 0 0 3000 2 12 12 3
3 19 0 1 0 0 0 3000 3 14 14 12
3 20 0 1 0 0 0 3000 3 6 6 14
3 21 1 1 1 0 0 531 1 14 14 6
3 22 0 1 0 0 0 3000 2 10 10 14
3 23 1 0 0 1 0 3000 1 14 14 10
3 24 0 1 0 0 0 3000 2 12 12 14
3 25 1 1 1 0 0 366 1 14 14 12
4 1 0 1 0 0 0 3000 3 8 8 14
4 2 0 1 0 0 0 3000 1 15 15 8
4 3 0 1 0 0 0 3000 3 15 15 15
4 4 1 1 1 0 0 672 1 15 15 15
4 5 1 1 1 0 0 382 1 15 15 15
4 6 1 1 1 0 0 449 1 15 15 15
4 7 0 1 0 0 0 3000 2 8 8 15
4 8 1 1 1 0 0 375 1 15 15 8
4 9 0 1 0 0 0 3000 2 11 11 15
4 10 0 1 0 0 0 3000 3 10 10 11
4 11 1 1 1 0 0 386 1 11 11 10
4 12 0 1 0 0 0 3000 3 8 8 11
4 13 1 1 1 0 0 520 1 11 11 8
4 14 0 1 0 0 0 3000 3 12 12 11
4 15 0 1 0 0 0 3000 2 10 10 12
4 16 0 1 0 0 0 3000 2 15 15 10
4 17 0 1 0 0 0 3000 2 3 3 15
4 18 0 1 0 0 0 3000 3 11 11 3
4 19 1 1 1 0 0 362 1 3 3 11
4 20 0 1 0 0 0 3000 2 8 8 3
4 21 0 1 0 0 0 3000 2 8 8 8
4 22 0 1 0 0 0 3000 3 11 11 8
4 23 0 1 0 0 0 3000 2 1 1 11
4 24 0 1 0 0 0 3000 2 12 12 1
4 25 1 1 1 0 0 706 1 1 1 12
5 1 0 1 0 0 0 3000 1 3 3 1
5 2 0 1 0 0 0 3000 3 11 11 3
5 3 0 1 0 0 0 3000 3 12 12 11
5 4 0 1 0 0 0 3000 3 4 4 12
5 5 0 1 0 0 0 3000 3 1 1 4
5 6 0 1 0 0 0 3000 2 10 10 1
5 7 1 1 1 0 0 517 1 1 1 10
5 8 0 1 0 0 0 3000 3 9 9 1
5 9 0 1 0 0 0 3000 2 15 15 9
5 10 0 1 0 0 0 3000 2 3 3 15
5 11 1 1 1 0 0 617 1 15 15 3
5 12 0 1 0 0 0 3000 3 6 6 15
5 13 0 1 0 0 0 3000 2 3 3 6
5 14 0 1 0 0 0 3000 2 8 8 3
5 15 0 1 0 0 0 3000 2 10 10 8
5 16 0 1 0 0 0 3000 2 9 9 10
5 17 0 1 0 0 0 3000 2 7 7 9
5 18 0 1 0 0 0 3000 2 2 2 7
5 19 0 1 0 0 0 3000 3 6 6 2
5 20 1 1 1 0 0 566 1 2 2 6
5 21 1 1 1 0 0 642 1 6 6 2
5 22 0 1 0 0 0 3000 3 12 12 6
5 23 1 1 1 0 0 500 1 6 6 12
5 24 0 1 0 0 0 3000 2 4 4 6
5 25 0 1 0 0 0 3000 2 10 10 4
