1 1 0 1 0 0 0 3000 1 15 15 0
1 2 0 1 0 0 0 3000 2 13 13 15
1 3 0 1 0 0 0 3000 2 11 11 13
1 4 0 1 0 0 0 3000 2 6 6 11
1 5 1 1 1 0 0 820 1 11 11 6
1 6 1 1 1 0 0 938 1 6 6 11
1 7 0 0 0 0 1 433 2 15 15 6
1 8 0 1 0 0 0 3000 2 9 9 15
1 9 1 1 1 0 0 1283 1 15 15 9
1 10 1 1 1 0 0 627 1 9 9 15
1 11 0 1 0 0 0 3000 2 10 10 9
1 12 0 1 0 0 0 3000 3 3 3 10
1 13 0 1 0 0 0 3000 2 15 15 3
1 14 0 0 0 0 1 646 3 10 10 15
1 15 0 1 0 0 0 3000 3 1 1 10
1 16 0 1 0 0 0 3000 2 11 11 1
1 17 1 1 1 0 0 348 1 1 1 11
1 18 0 1 0 0 0 3000 2 7 7 1
1 19 1 0 0 1 0 3000 1 1 1 7
1 20 0 1 0 0 0 3000 2 3 3 1
1 21 0 1 0 0 0 3000 2 13 13 3
1 22 0 1 0 0 0 3000 3 10 10 13
1 23 0 0 0 0 1 556 2 10 10 10
1 24 0 1 0 0 0 3000 3 5 5 10
1 25 0 1 0 0 0 3000 3 1 1 5
2 1 0 1 0 0 0 3000 3 11 11 1
2 2 0 1 0 0 0 3000 1 10 10 11
2 3 0 1 0 0 0 3000 3 13 13 10
2 4 0 0 0 0 1 1040 2 13 13 13
2 5 0 1 0 0 0 3000 3 11 11 13
2 6 0 1 0 0 0 3000 3 14 14 11
2 7 1 1 1 0 0 378 1 11 11 14
2 8 1 1 1 0 0 660 1 14 14 11
2 9 1 1 1 0 0 809 1 11 11 14
2 10 1 1 1 0 0 478 1 14 14 11
2 11 0 1 0 0 0 3000 2 13 13 14
2 12 0 1 0 0 0 3000 3 3 3 13
2 13 0 1 0 0 0 3000 2 1 1 3
2 14 0 1 0 0 0 3000 2 10 10 1
2 15 1 1 1 0 0 471 1 1 1 10
2 16 0 1 0 0 0 3000 3 13 13 1
2 17 0 1 0 0 0 3000 3 4 4 13
2 18 0 1 0 0 0 3000 2 9 9 4
2 19 1 1 1 0 0 502 1 4 4 9
2 20 1 1 1 0 0 820 1 9 9 4
2 21 0 0 0 0 1 481 3 9 9 9
2 22 0 1 0 0 0 3000 2 1 1 9
2 23 1 1 1 0 0 589 1 9 9 1
2 24 0 1 0 0 0 3000 3 3 3 9
2 25 0 1 0 0 0 3000 2 6 6 3
3 1 0 1 0 0 0 3000 3 2 2 6
3 2 0 1 0 0 0 3000 2 8 8 2
3 3 0 1 0 0 0 3000 2 5 5 8
3 4 0 1 0 0 0 3000 2 13 13 5
3 5 0 1 0 0 0 3000 3 14 14 13
3 6 0 1 0 0 0 3000 2 7 7 14
3 7 1 1 1 0 0 527 1 14 14 7
3 8 0 1 0 0 0 3000 2 1 1 14
3 9 1 1 1 0 0 507 1 14 14 1
3 10 0 1 0 0 0 3000 2 14 14 14
3 11 1 1 1 0 0 441 1 14 14 14
3 12 0 1 0 0 0 3000 2 7 7 14
3 13 0 1 0 0 0 3000 2 1 1 7
3 14 0 1 0 0 0 3000 2 3 3 1
3 15 0 0 0 0 1 638 2 3 3 3
3 16 0 1 0 0 0 3000 3 8 8 3
3 17 0 1 0 0 0 3000 3 2 2 8
3 18 0 1 0 0 0 3000 2 13 13 2
3 19 0 1 0 0 0 3000 2 5 5 13
3 20 0 1 0 0 0 3000 3 7 7 5
3 21 0 1 0 0 0 3000 2 7 7 7
3 22 0 1 0 0 0 3000 2 4 4 7
3 23 0 1 0 0 0 3000 2 1 1 4
3 24 0 1 0 0 0 3000 2 2 2 1
3 25 0 1 0 0 0 3000 2 9 9 2
4 1 0 1 0 0 0 3000 1 3 3 9
4 2 0 1 0 0 0 3000 3 3 3 3
4 3 0 1 0 0 0 3000 3 9 9 3
4 4 0 1 0 0 0 3000 2 6 6 9
4 5 0 1 0 0 0 3000 3 4 4 6
4 6 1 1 1 0 0 747 1 6 6 4
4 7 0 1 0 0 0 3000 3 3 3 6
4 8 0 1 0 0 0 3000 3 8 8 3
4 9 0 1 0 0 0 3000 2 15 15 8
4 10 0 1 0 0 0 3000 3 14 14 15
4 11 0 1 0 0 0 3000 3 6 6 14
4 12 0 1 0 0 0 3000 3 4 4 6
4 13 0 1 0 0 0 3000 3 5 5 4
4 14 1 1 1 0 0 379 1 4 4 5
4 15 0 1 0 0 0 3000 3 10 10 4
4 16 0 1 0 0 0 3000 3 3 3 10
4 17 0 1 0 0 0 3000 3 8 8 3
4 18 0 1 0 0 0 3000 3 13 13 8
4 19 0 1 0 0 0 3000 3 10 10 13
4 20 0 1 0 0 0 3000 3 7 7 10
4 21 0 1 0 0 0 3000 3 1 1 7
4 22 0 1 0 0 0 3000 2 13 13 1
4 23 0 1 0 0 0 3000 3 6 6 13
4 24 0 1 0 0 0 3000 2 6 6 6
4 25 1 1 1 0 0 484 1 6 6 6
5 1 0 0 0 0 1 256 3 12 12 6
5 2 0 0 0 0 1 940 2 12 12 12
5 3 0 1 0 0 0 3000 3 2 2 12
5 4 1 1 1 0 0 496 1 12 12 2
5 5 1 1 1 0 0 533 1 2 2 12
5 6 0 1 0 0 0 3000 3 3 3 2
5 7 0 1 0 0 0 3000 3 15 15 3
5 8 1 1 1 0 0 675 1 3 3 15
5 9 0 1 0 0 0 3000 3 1 1 3
5 10 0 1 0 0 0 3000 3 5 5 1
5 11 0 1 0 0 0 3000 3 3 3 5
5 12 0 1 0 0 0 3000 3 15 15 3
5 13 1 1 1 0 0 387 1 3 3 15
5 14 0 1 0 0 0 3000 2 13 13 3
5 15 0 1 0 0 0 3000 3 9 9 13
5 16 0 0 0 0 1 498 3 9 9 9
5 17 0 1 0 0 0 3000 2 6 6 9
5 18 1 1 1 0 0 444 1 9 9 6
5 19 1 1 1 0 0 740 1 6 6 9
5 20 0 1 0 0 0 3000 2 12 12 6
5 21 1 0 0 1 0 3000 1 6 6 12
5 22 0 0 0 0 1 687 3 9 9 6
5 23 0 1 0 0 0 3000 2 15 15 9
5 24 0 1 0 0 0 3000 2 6 6 15
5 25 0 0 0 0 1 468 2 9 9 6
