1 1 0 1 0 0 0 3000 2 1 1 0
1 2 0 1 0 0 0 3000 2 15 15 1
1 3 1 1 1 0 0 538 1 1 1 15
1 4 0 1 0 0 0 3000 3 12 12 1
1 5 1 0 0 1 0 3000 1 1 1 12
1 6 0 1 0 0 0 3000 2 1 1 1
1 7 1 1 1 0 0 653 1 1 1 1
1 8 0 1 0 0 0 3000 2 15 15 1
1 9 0 1 0 0 0 3000 3 14 14 15
1 10 0 1 0 0 0 3000 2 11 11 14
1 11 0 1 0 0 0 3000 2 5 5 11
1 12 0 1 0 0 0 3000 3 15 15 5
1 13 1 1 1 0 0 385 1 5 5 15
1 14 0 1 0 0 0 3000 2 12 12 5
1 15 1 0 0 1 0 3000 1 5 5 12
1 16 1 1 1 0 0 411 1 12 12 5
1 17 0 1 0 0 0 3000 3 14 14 12
1 18 1 0 0 1 0 3000 1 12 12 14
1 19 1 0 0 1 0 3000 1 14 14 12
1 20 1 1 1 0 0 938 1 12 12 14
1 21 0 1 0 0 0 3000 3 11 11 12
1 22 1 0 0 1 0 3000 1 12 12 11
1 23 0 1 0 0 0 3000 2 2 2 12
1 24 1 1 1 0 0 470 1 12 12 2
1 25 0 1 0 0 0 3000 3 6 6 12
2 1 0 1 0 0 0 3000 2 4 4 6
2 2 0 1 0 0 0 3000 1 3 3 4
2 3 0 1 0 0 0 3000 3 5 5 3
2 4 1 1 1 0 0 416 1 3 3 5
2 5 0 1 0 0 0 3000 3 10 10 3
2 6 0 1 0 0 0 3000 2 6 6 10
2 7 0 1 0 0 0 3000 3 11 11 6
2 8 1 1 1 0 0 467 1 6 6 11
2 9 0 1 0 0 0 3000 2 5 5 6
2 10 0 1 0 0 0 3000 2 7 7 5
2 11 0 1 0 0 0 3000 3 14 14 7
2 12 0 1 0 0 0 3000 2 4 4 14
2 13 0 1 0 0 0 3000 2 1 1 4
2 14 0 1 0 0 0 3000 2 11 11 1
2 15 1 1 1 0 0 422 1 1 1 11
2 16 0 1 0 0 0 3000 3 13 13 1
2 17 0 1 0 0 0 3000 3 11 11 13
2 18 1 1 1 0 0 358 1 13 13 11
2 19 0 1 0 0 0 3000 2 4 4 13
2 20 1 0 0 1 0 3000 1 13 13 4
2 21 0 1 0 0 0 3000 3 1 1 13
2 22 0 1 0 0 0 3000 2 2 2 1
2 23 1 1 1 0 0 399 1 1 1 2
2 24 0 1 0 0 0 3000 2 6 6 1
2 25 0 1 0 0 0 3000 3 5 5 6
3 1 0 1 0 0 0 3000 2 5 5 5
3 2 0 1 0 0 0 3000 3 12 12 5
3 3 0 1 0 0 0 3000 2 11 11 12
3 4 0 1 0 0 0 3000 3 4 4 11
3 5 1 1 1 0 0 359 1 11 11 4
3 6 1 0 0 1 0 3000 1 4 4 11
3 7 0 1 0 0 0 3000 3 9 9 4
3 8 0 1 0 0 0 3000 3 3 3 9
3 9 1 1 1 0 0 639 1 9 9 3
3 10 1 0 0 1 0 3000 1 3 3 9
3 11 0 1 0 0 0 3000 2 8 8 3
3 12 0 1 0 0 0 3000 3 12 12 8
3 13 0 1 0 0 0 3000 3 7 7 12
3 14 0 1 0 0 0 3000 2 10 10 7
3 15 0 1 0 0 0 3000 3 5 5 10
3 16 0 1 0 0 0 3000 2 3 3 5
3 17 0 1 0 0 0 3000 3 1 1 3
3 18 1 1 1 0 0 400 1 3 3 1
3 19 0 1 0 0 0 3000 3 6 6 3
3 20 0 1 0 0 0 3000 3 12 12 6
3 21 0 1 0 0 0 3000 3 7 7 12
3 22 1 1 1 0 0 404 1 12 12 7
3 23 1 0 0 1 0 3000 1 7 7 12
3 24 1 0 0 1 0 3000 1 12 12 7
3 25 1 1 1 0 0 625 1 7 7 12
4 1 0 1 0 0 0 3000 3 5 5 7
4 2 0 1 0 0 0 3000 1 12 12 5
4 3 0 1 0 0 0 3000 3 12 12 12
4 4 0 1 0 0 0 3000 2 4 4 12
4 5 0 1 0 0 0 3000 3 6 6 4
4 6 0 1 0 0 0 3000 3 10 10 6
4 7 1 1 1 0 0 415 1 6 6 10
4 8 1 0 0 1 0 3000 1 10 10 6
4 9 0 1 0 0 0 3000 3 2 2 10
4 10 0 1 0 0 0 3000 3 5 5 2
4 11 1 1 1 0 0 449 1 2 2 5
4 12 0 1 0 0 0 3000 2 9 9 2
4 13 0 1 0 0 0 3000 3 3 3 9
4 14 1 1 1 0 0 688 1 9 9 3
4 15 0 1 0 0 0 3000 2 9 9 9
4 16 0 1 0 0 0 3000 3 13 13 9
4 17 1 1 1 0 0 358 1 9 9 13
4 18 0 1 0 0 0 3000 3 8 8 9
4 19 1 1 1 0 0 704 1 9 9 8
4 20 0 1 0 0 0 3000 3 9 9 9
4 21 0 0 0 0 1 912 2 8 8 9
4 22 1 0 0 1 0 3000 1 9 9 8
4 23 1 1 1 0 0 638 1 8 8 9
4 24 0 0 0 0 1 1134 3 8 8 8
4 25 1 0 0 1 0 3000 1 8 8 8
5 1 0 1 0 0 0 3000 2 1 1 8
5 2 0 1 0 0 0 3000 3 10 10 1
5 3 0 1 0 0 0 3000 3 10 10 10
5 4 0 1 0 0 0 3000 3 13 13 10
5 5 0 1 0 0 0 3000 3 7 7 13
5 6 1 1 1 0 0 511 1 13 13 7
5 7 0 1 0 0 0 3000 2 4 4 13
5 8 0 1 0 0 0 3000 2 8 8 4
5 9 0 1 0 0 0 3000 3 1 1 8
5 10 0 1 0 0 0 3000 2 11 11 1
5 11 0 1 0 0 0 3000 2 3 3 11
5 12 0 1 0 0 0 3000 3 6 6 3
5 13 1 1 1 0 0 592 1 3 3 6
5 14 1 0 0 1 0 3000 1 6 6 3
5 15 0 0 0 0 1 775 2 6 6 6
5 16 0 1 0 0 0 3000 2 12 12 6
5 17 0 1 0 0 0 3000 2 8 8 12
5 18 1 1 1 0 0 660 1 12 12 8
5 19 1 0 0 1 0 3000 1 8 8 12
5 20 1 0 0 1 0 3000 1 12 12 8
5 21 0 1 0 0 0 3000 3 7 7 12
5 22 1 1 1 0 0 360 1 12 12 7
5 23 0 1 0 0 0 3000 2 4 4 12
5 24 0 1 0 0 0 3000 3 7 7 4
5 25 1 1 1 0 0 499 1 4 4 7
