1 1 0 1 0 0 0 3000 1 8 8 0
1 2 0 1 0 0 0 3000 2 12 12 8
1 3 0 1 0 0 0 3000 2 5 5 12
1 4 0 1 0 0 0 3000 3 2 2 5
1 5 0 0 0 0 1 889 2 12 12 2
1 6 1 1 1 0 0 779 1 2 2 12
1 7 0 1 0 0 0 3000 3 9 9 2
1 8 0 1 0 0 0 3000 2 13 13 9
1 9 0 1 0 0 0 3000 3 4 4 13
1 10 0 0 0 0 1 523 3 8 8 4
1 11 1 1 1 0 0 762 1 4 4 8
1 12 0 1 0 0 0 3000 3 13 13 4
1 13 1 1 1 0 0 509 1 4 4 13
1 14 0 1 0 0 0 3000 3 11 11 4
1 15 1 1 1 0 0 486 1 4 4 11
1 16 0 0 0 0 1 657 3 12 12 4
1 17 0 1 0 0 0 3000 3 7 7 12
1 18 0 0 0 0 1 445 3 4 4 7
1 19 1 1 1 0 0 960 1 7 7 4
1 20 0 0 0 0 1 927 3 9 9 7
1 21 0 1 0 0 0 3000 3 14 14 9
1 22 0 1 0 0 0 3000 3 1 1 14
1 23 1 1 1 0 0 425 1 14 14 1
1 24 1 1 1 0 0 1292 1 1 1 14
1 25 0 0 0 0 1 652 2 8 8 1
2 1 0 1 0 0 0 3000 3 4 4 8
2 2 0 0 0 0 1 450 3 10 10 4
2 3 0 1 0 0 0 3000 2 2 2 10
2 4 0 0 0 0 1 582 2 4 4 2
2 5 0 1 0 0 0 3000 2 12 12 4
2 6 1 1 1 0 0 547 1 4 4 12
2 7 0 1 0 0 0 3000 2 6 6 4
2 8 0 1 0 0 0 3000 3 1 1 6
2 9 1 1 1 0 0 546 1 6 6 1
2 10 0 1 0 0 0 3000 3 7 7 6
2 11 0 1 0 0 0 3000 2 14 14 7
2 12 1 1 1 0 0 348 1 7 7 14
2 13 0 0 0 0 1 558 3 7 7 7
2 14 0 1 0 0 0 3000 2 2 2 7
2 15 0 1 0 0 0 3000 2 11 11 2
2 16 0 1 0 0 0 3000 3 1 1 11
2 17 0 1 0 0 0 3000 3 15 15 1
2 18 1 1 1 0 0 358 1 1 1 15
2 19 0 1 0 0 0 3000 3 1 1 1
2 20 0 1 0 0 0 3000 2 7 7 1
2 21 0 1 0 0 0 3000 2 12 12 7
2 22 1 1 1 0 0 591 1 7 7 12
2 23 0 1 0 0 0 3000 3 14 14 7
2 24 0 1 0 0 0 3000 2 13 13 14
2 25 1 1 1 0 0 390 1 14 14 13
3 1 0 1 0 0 0 3000 2 5 5 14
3 2 0 1 0 0 0 3000 2 2 2 5
3 3 0 1 0 0 0 3000 3 13 13 2
3 4 1 1 1 0 0 419 1 2 2 13
3 5 0 1 0 0 0 3000 3 3 3 2
3 6 1 0 0 1 0 3000 1 2 2 3
3 7 1 1 1 0 0 399 1 3 3 2
3 8 0 1 0 0 0 3000 2 1 1 3
3 9 1 0 0 1 0 3000 1 3 3 1
3 10 0 1 0 0 0 3000 2 2 2 3
3 11 0 1 0 0 0 3000 3 9 9 2
3 12 0 1 0 0 0 3000 2 5 5 9
3 13 0 1 0 0 0 3000 3 1 1 5
3 14 0 1 0 0 0 3000 2 10 10 1
3 15 0 1 0 0 0 3000 3 8 8 10
3 16 0 0 0 0 1 1006 3 2 2 8
3 17 1 1 1 0 0 877 1 8 8 2
3 18 0 1 0 0 0 3000 2 7 7 8
3 19 0 0 0 0 1 898 3 7 7 7
3 20 0 1 0 0 0 3000 2 3 3 7
3 21 0 1 0 0 0 3000 2 14 14 3
3 22 1 1 1 0 0 411 1 3 3 14
3 23 0 1 0 0 0 3000 3 10 10 3
3 24 1 0 0 1 0 3000 1 3 3 10
3 25 0 1 0 0 0 3000 3 11 11 3
4 1 0 1 0 0 0 3000 1 4 4 11
4 2 0 1 0 0 0 3000 2 15 15 4
4 3 0 1 0 0 0 3000 3 13 13 15
4 4 0 1 0 0 0 3000 3 12 12 13
4 5 0 1 0 0 0 3000 2 1 1 12
4 6 1 1 1 0 0 462 1 12 12 1
4 7 0 1 0 0 0 3000 2 3 3 12
4 8 1 0 0 1 0 3000 1 12 12 3
4 9 0 1 0 0 0 3000 3 6 6 12
4 10 0 0 0 0 1 951 2 3 3 6
4 11 0 1 0 0 0 3000 3 13 13 3
4 12 1 0 0 1 0 3000 1 3 3 13
4 13 0 1 0 0 0 3000 3 11 11 3
4 14 1 1 1 0 0 421 1 3 3 11
4 15 0 1 0 0 0 3000 2 4 4 3
4 16 1 0 0 1 0 3000 1 3 3 4
4 17 0 1 0 0 0 3000 3 9 9 3
4 18 1 1 1 0 0 576 1 3 3 9
4 19 0 1 0 0 0 3000 2 6 6 3
4 20 0 1 0 0 0 3000 2 2 2 6
4 21 0 1 0 0 0 3000 2 15 15 2
4 22 1 1 1 0 0 372 1 2 2 15
4 23 1 0 0 1 0 3000 1 15 15 2
4 24 1 0 0 1 0 3000 1 2 2 15
4 25 0 1 0 0 0 3000 3 12 12 2
5 1 0 1 0 0 0 3000 1 14 14 12
5 2 0 1 0 0 0 3000 3 5 5 14
5 3 0 1 0 0 0 3000 2 1 1 5
5 4 0 1 0 0 0 3000 2 12 12 1
5 5 0 0 0 0 1 652 2 5 5 12
5 6 0 1 0 0 0 3000 3 2 2 5
5 7 1 1 1 0 0 724 1 5 5 2
5 8 0 1 0 0 0 3000 3 10 10 5
5 9 1 0 0 1 0 3000 1 5 5 10
5 10 0 1 0 0 0 3000 2 9 9 5
5 11 0 1 0 0 0 3000 2 3 3 9
5 12 1 1 1 0 0 382 1 9 9 3
5 13 0 1 0 0 0 3000 3 2 2 9
5 14 1 0 0 1 0 3000 1 9 9 2
5 15 0 1 0 0 0 3000 3 11 11 9
5 16 0 1 0 0 0 3000 3 2 2 11
5 17 0 1 0 0 0 3000 2 8 8 2
5 18 0 1 0 0 0 3000 2 15 15 8
5 19 1 1 1 0 0 1087 1 8 8 15
5 20 0 1 0 0 0 3000 2 12 12 8
5 21 0 1 0 0 0 3000 2 6 6 12
5 22 1 1 1 0 0 661 1 12 12 6
5 23 0 1 0 0 0 3000 2 13 13 12
5 24 0 1 0 0 0 3000 3 3 3 13
5 25 0 1 0 0 0 3000 3 8 8 3
