1 1 0 1 0 0 0 3000 3 8 8 0
1 2 0 1 0 0 0 3000 1 11 11 8
1 3 0 1 0 0 0 3000 2 11 11 11
1 4 0 1 0 0 0 3000 2 1 1 11
1 5 1 0 0 1 0 3000 1 11 11 1
1 6 0 0 0 0 1 217 2 15 15 11
1 7 1 0 0 1 0 3000 1 11 11 15
1 8 0 1 0 0 0 3000 2 11 11 11
1 9 0 1 0 0 0 3000 3 12 12 11
1 10 1 1 1 0 0 1166 1 11 11 12
1 11 0 1 0 0 0 3000 2 13 13 11
1 12 0 1 0 0 0 3000 2 15 15 13
1 13 0 1 0 0 0 3000 2 3 3 15
1 14 1 1 1 0 0 770 1 15 15 3
1 15 0 1 0 0 0 3000 3 4 4 15
1 16 0 1 0 0 0 3000 3 14 14 4
1 17 0 1 0 0 0 3000 2 10 10 14
1 18 1 1 1 0 0 637 1 14 14 10
1 19 0 1 0 0 0 3000 3 4 4 14
1 20 0 1 0 0 0 3000 2 2 2 4
1 21 0 1 0 0 0 3000 3 15 15 2
1 22 1 1 1 0 0 545 1 2 2 15
1 23 1 0 0 1 0 3000 1 15 15 2
1 24 1 0 0 1 0 3000 1 2 2 15
1 25 0 1 0 0 0 3000 2 7 7 2
2 1 0 1 0 0 0 3000 1 5 5 7
2 2 0 1 0 0 0 3000 3 10 10 5
2 3 0 1 0 0 0 3000 3 13 13 10
2 4 0 1 0 0 0 3000 2 6 6 13
2 5 0 1 0 0 0 3000 3 8 8 6
2 6 1 1 1 0 0 637 1 6 6 8
2 7 0 1 0 0 0 3000 3 3 3 6
2 8 0 1 0 0 0 3000 2 5 5 3
2 9 1 1 1 0 0 602 1 3 3 5
2 10 0 1 0 0 0 3000 2 2 2 3
2 11 1 0 0 1 0 3000 1 3 3 2
2 12 0 1 0 0 0 3000 2 6 6 3
2 13 0 1 0 0 0 3000 3 12 12 6
2 14 0 1 0 0 0 3000 2 13 13 12
2 15 0 1 0 0 0 3000 3 5 5 13
2 16 0 1 0 0 0 3000 3 8 8 5
2 17 1 0 0 1 0 3000 1 5 5 8
2 18 0 1 0 0 0 3000 3 14 14 5
2 19 1 1 1 0 0 720 1 5 5 14
2 20 0 1 0 0 0 3000 2 11 11 5
2 21 0 1 0 0 0 3000 2 15 15 11
2 22 0 1 0 0 0 3000 3 5 5 15
2 23 1 1 1 0 0 635 1 15 15 5
2 24 0 1 0 0 0 3000 2 7 7 15
2 25 0 1 0 0 0 3000 3 12 12 7
3 1 0 1 0 0 0 3000 2 11 11 12
3 2 0 1 0 0 0 3000 3 15 15 11
3 3 1 0 0 1 0 3000 1 11 11 15
3 4 0 1 0 0 0 3000 2 4 4 11
3 5 0 1 0 0 0 3000 2 1 1 4
3 6 0 1 0 0 0 3000 3 14 14 1
3 7 0 1 0 0 0 3000 3 7 7 14
3 8 0 1 0 0 0 3000 3 1 1 7
3 9 0 1 0 0 0 3000 3 4 4 1
3 10 1 1 1 0 0 504 1 1 1 4
3 11 0 1 0 0 0 3000 3 5 5 1
3 12 0 1 0 0 0 3000 3 2 2 5
3 13 0 1 0 0 0 3000 3 12 12 2
3 14 0 1 0 0 0 3000 3 14 14 12
3 15 0 1 0 0 0 3000 2 13 13 14
3 16 0 0 0 0 1 691 3 12 12 13
3 17 0 1 0 0 0 3000 2 11 11 12
3 18 0 1 0 0 0 3000 3 5 5 11
3 19 1 1 1 0 0 816 1 11 11 5
3 20 0 1 0 0 0 3000 2 15 15 11
3 21 0 1 0 0 0 3000 3 13 13 15
3 22 0 1 0 0 0 3000 2 10 10 13
3 23 1 1 1 0 0 666 1 13 13 10
3 24 0 1 0 0 0 3000 2 8 8 13
3 25 0 1 0 0 0 3000 2 1 1 8
4 1 0 1 0 0 0 3000 3 6 6 1
4 2 0 0 0 0 1 1059 1 6 6 6
4 3 0 1 0 0 0 3000 3 11 11 6
4 4 0 1 0 0 0 3000 2 15 15 11
4 5 0 1 0 0 0 3000 2 4 4 15
4 6 0 1 0 0 0 3000 3 7 7 4
4 7 0 1 0 0 0 3000 3 11 11 7
4 8 0 1 0 0 0 3000 2 10 10 11
4 9 1 1 1 0 0 788 1 11 11 10
4 10 0 1 0 0 0 3000 3 14 14 11
4 11 1 0 0 1 0 3000 1 11 11 14
4 12 0 1 0 0 0 3000 2 15 15 11
4 13 0 1 0 0 0 3000 2 3 3 15
4 14 0 1 0 0 0 3000 3 13 13 3
4 15 1 1 1 0 0 1028 1 3 3 13
4 16 0 1 0 0 0 3000 3 15 15 3
4 17 1 0 0 1 0 3000 1 3 3 15
4 18 0 1 0 0 0 3000 2 9 9 3
4 19 0 1 0 0 0 3000 3 14 14 9
4 20 0 1 0 0 0 3000 2 8 8 14
4 21 1 1 1 0 0 1300 1 14 14 8
4 22 0 1 0 0 0 3000 3 5 5 14
4 23 0 1 0 0 0 3000 2 13 13 5
4 24 1 1 1 0 0 662 1 5 5 13
4 25 0 1 0 0 0 3000 2 12 12 5
5 1 0 1 0 0 0 3000 3 7 7 12
5 2 0 1 0 0 0 3000 3 7 7 7
5 3 1 1 1 0 0 1181 1 7 7 7
5 4 0 1 0 0 0 3000 3 8 8 7
5 5 1 0 0 1 0 3000 1 7 7 8
5 6 0 1 0 0 0 3000 2 15 15 7
5 7 0 1 0 0 0 3000 2 3 3 15
5 8 0 1 0 0 0 3000 3 12 12 3
5 9 0 1 0 0 0 3000 3 2 2 12
5 10 1 1 1 0 0 981 1 12 12 2
5 11 0 1 0 0 0 3000 3 7 7 12
5 12 1 0 0 1 0 3000 1 12 12 7
5 13 0 1 0 0 0 3000 2 14 14 12
5 14 1 1 1 0 0 537 1 12 12 14
5 15 0 1 0 0 0 3000 3 12 12 12
5 16 0 1 0 0 0 3000 3 2 2 12
5 17 1 1 1 0 0 708 1 12 12 2
5 18 0 1 0 0 0 3000 3 1 1 12
5 19 1 0 0 1 0 3000 1 12 12 1
5 20 0 1 0 0 0 3000 3 11 11 12
5 21 1 1 1 0 0 1656 1 12 12 11
5 22 0 1 0 0 0 3000 3 2 2 12
5 23 0 1 0 0 0 3000 3 5 5 2
5 24 0 1 0 0 0 3000 2 15 15 5
5 25 1 1 1 0 0 676 1 5 5 15
