1 1 0 1 0 0 0 3000 3 1 1 0
1 2 0 1 0 0 0 3000 2 10 10 1
1 3 0 1 0 0 0 3000 3 12 12 10
1 4 1 1 1 0 0 994 1 10 10 12
1 5 1 1 1 0 0 2211 1 12 12 10
1 6 0 1 0 0 0 3000 3 4 4 12
1 7 0 1 0 0 0 3000 3 13 13 4
1 8 1 1 1 0 0 653 1 4 4 13
1 9 0 1 0 0 0 3000 3 5 5 4
1 10 1 1 1 0 0 587 1 4 4 5
1 11 0 1 0 0 0 3000 2 12 12 4
1 12 0 1 0 0 0 3000 2 7 7 12
1 13 1 1 1 0 0 384 1 12 12 7
1 14 0 1 0 0 0 3000 2 10 10 12
1 15 1 1 1 0 0 421 1 12 12 10
1 16 0 1 0 0 0 3000 3 15 15 12
1 17 1 1 1 0 0 324 1 12 12 15
1 18 0 1 0 0 0 3000 3 6 6 12
1 19 0 1 0 0 0 3000 2 15 15 6
1 20 0 1 0 0 0 3000 3 3 3 15
1 21 0 1 0 0 0 3000 3 3 3 3
1 22 1 1 1 0 0 412 1 3 3 3
1 23 1 1 1 0 0 597 1 3 3 3
1 24 0 1 0 0 0 3000 3 6 6 3
1 25 1 1 1 0 0 313 1 3 3 6
2 1 0 1 0 0 0 3000 3 12 12 3
2 2 0 1 0 0 0 3000 3 1 1 12
2 3 0 1 0 0 0 3000 2 13 13 1
2 4 0 1 0 0 0 3000 3 12 12 13
2 5 0 1 0 0 0 3000 3 9 9 12
2 6 1 1 1 0 0 352 1 12 12 9
2 7 1 1 1 0 0 686 1 9 9 12
2 8 1 1 1 0 0 1527 1 12 12 9
2 9 1 1 1 0 0 799 1 9 9 12
2 10 0 1 0 0 0 3000 3 3 3 9
2 11 1 1 1 0 0 363 1 9 9 3
2 12 0 0 0 0 1 594 2 12 12 9
2 13 1 1 1 0 0 1019 1 9 9 12
2 14 1 0 0 1 0 3000 1 12 12 9
2 15 0 0 0 0 1 509 2 12 12 12
2 16 0 1 0 0 0 3000 3 14 14 12
2 17 0 1 0 0 0 3000 2 3 3 14
2 18 0 1 0 0 0 3000 3 15 15 3
2 19 1 1 1 0 0 870 1 3 3 15
2 20 1 0 0 1 0 3000 1 15 15 3
2 21 0 1 0 0 0 3000 3 12 12 15
2 22 0 1 0 0 0 3000 2 10 10 12
2 23 0 1 0 0 0 3000 2 1 1 10
2 24 0 1 0 0 0 3000 3 11 11 1
2 25 0 0 0 0 1 537 3 12 12 11
3 1 0 1 0 0 0 3000 3 14 14 12
3 2 0 1 0 0 0 3000 1 14 14 14
3 3 0 1 0 0 0 3000 3 6 6 14
3 4 0 1 0 0 0 3000 3 7 7 6
3 5 1 1 1 0 0 767 1 6 6 7
3 6 0 1 0 0 0 3000 2 13 13 6
3 7 0 1 0 0 0 3000 3 8 8 13
3 8 1 1 1 0 0 1053 1 13 13 8
3 9 1 1 1 0 0 757 1 8 8 13
3 10 1 1 1 0 0 659 1 13 13 8
3 11 0 1 0 0 0 3000 3 2 2 13
3 12 0 1 0 0 0 3000 3 11 11 2
3 13 0 1 0 0 0 3000 3 7 7 11
3 14 0 1 0 0 0 3000 3 4 4 7
3 15 1 1 1 0 0 1005 1 7 7 4
3 16 0 1 0 0 0 3000 2 13 13 7
3 17 1 1 1 0 0 811 1 7 7 13
3 18 1 1 1 0 0 820 1 13 13 7
3 19 1 1 1 0 0 556 1 7 7 13
3 20 0 1 0 0 0 3000 3 5 5 7
3 21 0 1 0 0 0 3000 2 2 2 5
3 22 0 1 0 0 0 3000 2 1 1 2
3 23 0 1 0 0 0 3000 2 14 14 1
3 24 1 1 1 0 0 629 1 1 1 14
3 25 0 1 0 0 0 3000 3 15 15 1
4 1 0 1 0 0 0 3000 1 11 11 15
4 2 0 1 0 0 0 3000 1 3 3 11
4 3 0 1 0 0 0 3000 3 7 7 3
4 4 1 1 1 0 0 856 1 3 3 7
4 5 0 1 0 0 0 3000 2 8 8 3
4 6 0 1 0 0 0 3000 2 13 13 8
4 7 1 1 1 0 0 741 1 8 8 13
4 8 1 1 1 0 0 670 1 13 13 8
4 9 0 1 0 0 0 3000 2 12 12 13
4 10 0 0 0 0 1 547 2 12 12 12
4 11 1 1 1 0 0 547 1 12 12 12
4 12 1 1 1 0 0 1258 1 12 12 12
4 13 1 1 1 0 0 928 1 12 12 12
4 14 0 1 0 0 0 3000 2 14 14 12
4 15 0 1 0 0 0 3000 3 8 8 14
4 16 0 1 0 0 0 3000 3 9 9 8
4 17 0 1 0 0 0 3000 3 1 1 9
4 18 0 1 0 0 0 3000 2 12 12 1
4 19 0 1 0 0 0 3000 3 5 5 12
4 20 0 0 0 0 1 561 2 8 8 5
4 21 0 1 0 0 0 3000 2 11 11 8
4 22 1 1 1 0 0 840 1 8 8 11
4 23 0 0 0 0 1 941 3 14 14 8
4 24 0 1 0 0 0 3000 2 12 12 14
4 25 0 1 0 0 0 3000 2 6 6 12
5 1 0 1 0 0 0 3000 3 2 2 6
5 2 0 1 0 0 0 3000 3 8 8 2
5 3 1 0 0 1 0 3000 1 2 2 8
5 4 0 1 0 0 0 3000 3 1 1 2
5 5 0 1 0 0 0 3000 3 3 3 1
5 6 1 1 1 0 0 555 1 1 1 3
5 7 1 1 1 0 0 2014 1 3 3 1
5 8 0 1 0 0 0 3000 3 8 8 3
5 9 0 1 0 0 0 3000 2 2 2 8
5 10 0 1 0 0 0 3000 3 11 11 2
5 11 0 1 0 0 0 3000 2 14 14 11
5 12 0 1 0 0 0 3000 3 6 6 14
5 13 0 1 0 0 0 3000 3 13 13 6
5 14 0 1 0 0 0 3000 2 13 13 13
5 15 0 0 0 0 1 505 3 6 6 13
5 16 0 1 0 0 0 3000 3 15 15 6
5 17 0 1 0 0 0 3000 2 7 7 15
5 18 0 1 0 0 0 3000 3 12 12 7
5 19 0 1 0 0 0 3000 3 14 14 12
5 20 1 1 1 0 0 1275 1 12 12 14
5 21 0 1 0 0 0 3000 3 13 13 12
5 22 1 1 1 0 0 889 1 12 12 13
5 23 0 1 0 0 0 3000 3 14 14 12
5 24 0 1 0 0 0 3000 3 8 8 14
5 25 0 1 0 0 0 3000 2 11 11 8
