1 1 0 1 0 0 0 3000 1 9 9 0
1 2 0 1 0 0 0 3000 1 5 5 9
1 3 1 0 0 1 0 3000 1 9 9 5
1 4 1 1 1 0 0 1569 1 5 5 9
1 5 0 1 0 0 0 3000 2 3 3 5
1 6 0 1 0 0 0 3000 2 1 1 3
1 7 1 0 0 1 0 3000 1 3 3 1
1 8 1 1 1 0 0 1380 1 1 1 3
1 9 0 1 0 0 0 3000 2 14 14 1
1 10 1 0 0 1 0 3000 1 1 1 14
1 11 1 0 0 1 0 3000 1 14 14 1
1 12 1 1 1 0 0 1073 1 1 1 14
1 13 1 0 0 1 0 3000 1 14 14 1
1 14 0 1 0 0 0 3000 2 15 15 14
1 15 0 1 0 0 0 3000 3 12 12 15
1 16 0 1 0 0 0 3000 3 12 12 12
1 17 0 1 0 0 0 3000 2 15 15 12
1 18 1 0 0 1 0 3000 1 12 12 15
1 19 1 0 0 1 0 3000 1 15 15 12
1 20 0 1 0 0 0 3000 3 4 4 15
1 21 0 1 0 0 0 3000 3 10 10 4
1 22 1 0 0 1 0 3000 1 4 4 10
1 23 0 1 0 0 0 3000 2 14 14 4
1 24 0 1 0 0 0 3000 3 9 9 14
1 25 1 0 0 1 0 3000 1 14 14 9
2 1 0 1 0 0 0 3000 2 1 1 14
2 2 0 1 0 0 0 3000 2 15 15 1
2 3 1 1 1 0 0 441 1 1 1 15
2 4 0 1 0 0 0 3000 2 12 12 1
2 5 0 1 0 0 0 3000 3 7 7 12
2 6 0 1 0 0 0 3000 3 9 9 7
2 7 0 1 0 0 0 3000 2 8 8 9
2 8 0 1 0 0 0 3000 2 12 12 8
2 9 0 1 0 0 0 3000 3 15 15 12
2 10 1 0 0 1 0 3000 1 12 12 15
2 11 0 0 0 0 1 1012 3 9 9 12
2 12 0 1 0 0 0 3000 2 5 5 9
2 13 0 1 0 0 0 3000 2 15 15 5
2 14 1 1 1 0 0 473 1 5 5 15
2 15 1 1 1 0 0 514 1 15 15 5
2 16 0 1 0 0 0 3000 3 1 1 15
2 17 1 0 0 1 0 3000 1 15 15 1
2 18 0 1 0 0 0 3000 3 6 6 15
2 19 1 1 1 0 0 501 1 15 15 6
2 20 0 1 0 0 0 3000 2 7 7 15
2 21 0 0 0 0 1 855 3 7 7 7
2 22 1 0 0 1 0 3000 1 7 7 7
2 23 0 1 0 0 0 3000 3 10 10 7
2 24 1 1 1 0 0 1360 1 7 7 10
2 25 1 1 1 0 0 671 1 10 10 7
3 1 0 1 0 0 0 3000 2 10 10 10
3 2 0 1 0 0 0 3000 1 12 12 10
3 3 1 1 1 0 0 475 1 10 10 12
3 4 0 1 0 0 0 3000 2 10 10 10
3 5 0 1 0 0 0 3000 3 14 14 10
3 6 0 1 0 0 0 3000 2 2 2 14
3 7 0 0 0 0 1 793 3 12 12 2
3 8 0 1 0 0 0 3000 3 11 11 12
3 9 0 1 0 0 0 3000 2 13 13 11
3 10 1 1 1 0 0 478 1 11 11 13
3 11 0 1 0 0 0 3000 2 4 4 11
3 12 0 1 0 0 0 3000 2 1 1 4
3 13 0 1 0 0 0 3000 3 7 7 1
3 14 0 0 0 0 1 517 2 7 7 7
3 15 1 1 1 0 0 1277 1 7 7 7
3 16 0 1 0 0 0 3000 3 13 13 7
3 17 0 1 0 0 0 3000 2 15 15 13
3 18 1 1 1 0 0 496 1 13 13 15
3 19 1 1 1 0 0 502 1 15 15 13
3 20 0 1 0 0 0 3000 2 11 11 15
3 21 0 1 0 0 0 3000 3 5 5 11
3 22 0 1 0 0 0 3000 2 15 15 5
3 23 0 1 0 0 0 3000 3 15 15 15
3 24 0 1 0 0 0 3000 3 8 8 15
3 25 1 1 1 0 0 602 1 15 15 8
4 1 0 1 0 0 0 3000 1 5 5 15
4 2 0 1 0 0 0 3000 3 2 2 5
4 3 0 1 0 0 0 3000 3 9 9 2
4 4 0 1 0 0 0 3000 3 15 15 9
4 5 0 0 0 0 1 590 3 15 15 15
4 6 1 1 1 0 0 704 1 15 15 15
4 7 0 1 0 0 0 3000 3 3 3 15
4 8 0 1 0 0 0 3000 2 8 8 3
4 9 0 1 0 0 0 3000 2 15 15 8
4 10 0 1 0 0 0 3000 3 1 1 15
4 11 0 1 0 0 0 3000 3 11 11 1
4 12 0 1 0 0 0 3000 3 2 2 11
4 13 1 1 1 0 0 431 1 11 11 2
4 14 0 1 0 0 0 3000 3 12 12 11
4 15 0 1 0 0 0 3000 2 8 8 12
4 16 1 1 1 0 0 661 1 12 12 8
4 17 0 1 0 0 0 3000 3 11 11 12
4 18 0 1 0 0 0 3000 2 9 9 11
4 19 0 1 0 0 0 3000 3 6 6 9
4 20 0 1 0 0 0 3000 3 11 11 6
4 21 1 1 1 0 0 456 1 6 6 11
4 22 0 1 0 0 0 3000 3 15 15 6
4 23 0 0 0 0 1 657 3 15 15 15
4 24 0 1 0 0 0 3000 2 11 11 15
4 25 0 1 0 0 0 3000 3 13 13 11
5 1 0 1 0 0 0 3000 1 13 13 13
5 2 0 1 0 0 0 3000 2 1 1 13
5 3 0 1 0 0 0 3000 2 11 11 1
5 4 1 1 1 0 0 642 1 1 1 11
5 5 0 1 0 0 0 3000 2 14 14 1
5 6 1 0 0 1 0 3000 1 1 1 14
5 7 0 1 0 0 0 3000 2 15 15 1
5 8 0 1 0 0 0 3000 2 7 7 15
5 9 0 1 0 0 0 3000 3 9 9 7
5 10 0 1 0 0 0 3000 3 12 12 9
5 11 0 1 0 0 0 3000 2 13 13 12
5 12 0 1 0 0 0 3000 3 4 4 13
5 13 0 1 0 0 0 3000 3 9 9 4
5 14 0 1 0 0 0 3000 2 1 1 9
5 15 0 1 0 0 0 3000 3 12 12 1
5 16 0 1 0 0 0 3000 3 13 13 12
5 17 0 1 0 0 0 3000 2 11 11 13
5 18 1 1 1 0 0 618 1 13 13 11
5 19 0 1 0 0 0 3000 2 10 10 13
5 20 0 1 0 0 0 3000 3 3 3 10
5 21 0 1 0 0 0 3000 2 15 15 3
5 22 0 1 0 0 0 3000 3 11 11 15
5 23 0 1 0 0 0 3000 3 14 14 11
5 24 0 1 0 0 0 3000 3 7 7 14
5 25 0 1 0 0 0 3000 3 13 13 7
