1 1 0 1 0 0 0 3000 3 9 9 0
1 2 0 1 0 0 0 3000 3 4 4 9
1 3 1 1 1 0 0 479 1 9 9 4
1 4 0 1 0 0 0 3000 2 8 8 9
1 5 0 1 0 0 0 3000 2 15 15 8
1 6 0 1 0 0 0 3000 3 2 2 15
1 7 1 1 1 0 0 1054 1 15 15 2
1 8 1 0 0 1 0 3000 1 2 2 15
1 9 0 1 0 0 0 3000 3 11 11 2
1 10 1 1 1 0 0 485 1 2 2 11
1 11 0 1 0 0 0 3000 3 2 2 2
1 12 1 0 0 1 0 3000 1 2 2 2
1 13 0 1 0 0 0 3000 3 5 5 2
1 14 0 1 0 0 0 3000 2 13 13 5
1 15 1 1 1 0 0 730 1 5 5 13
1 16 0 1 0 0 0 3000 3 9 9 5
1 17 1 0 0 1 0 3000 1 5 5 9
1 18 1 1 1 0 0 543 1 9 9 5
1 19 0 1 0 0 0 3000 3 15 15 9
1 20 0 1 0 0 0 3000 3 1 1 15
1 21 0 1 0 0 0 3000 3 9 9 1
1 22 1 1 1 0 0 432 1 1 1 9
1 23 1 0 0 1 0 3000 1 9 9 1
1 24 1 0 0 1 0 3000 1 1 1 9
1 25 0 1 0 0 0 3000 2 11 11 1
2 1 0 1 0 0 0 3000 3 11 11 11
2 2 0 1 0 0 0 3000 1 6 6 11
2 3 0 1 0 0 0 3000 3 1 1 6
2 4 0 1 0 0 0 3000 3 14 14 1
2 5 0 1 0 0 0 3000 3 4 4 14
2 6 0 1 0 0 0 3000 2 3 3 4
2 7 0 1 0 0 0 3000 3 1 1 3
2 8 1 1 1 0 0 591 1 3 3 1
2 9 0 1 0 0 0 3000 2 6 6 3
2 10 1 0 0 1 0 3000 1 3 3 6
2 11 1 1 1 0 0 1052 1 6 6 3
2 12 1 0 0 1 0 3000 1 3 3 6
2 13 0 1 0 0 0 3000 2 5 5 3
2 14 1 1 1 0 0 465 1 3 3 5
2 15 0 1 0 0 0 3000 2 15 15 3
2 16 1 0 0 1 0 3000 1 3 3 15
2 17 0 1 0 0 0 3000 3 9 9 3
2 18 0 1 0 0 0 3000 2 12 12 9
2 19 1 1 1 0 0 1710 1 9 9 12
2 20 1 0 0 1 0 3000 1 12 12 9
2 21 1 0 0 1 0 3000 1 9 9 12
2 22 0 1 0 0 0 3000 3 8 8 9
2 23 0 1 0 0 0 3000 2 6 6 8
2 24 0 1 0 0 0 3000 3 3 3 6
2 25 0 1 0 0 0 3000 2 10 10 3
3 1 0 1 0 0 0 3000 1 13 13 10
3 2 0 1 0 0 0 3000 1 4 4 13
3 3 0 1 0 0 0 3000 3 3 3 4
3 4 0 1 0 0 0 3000 2 9 9 3
3 5 0 1 0 0 0 3000 3 1 1 9
3 6 0 1 0 0 0 3000 3 3 3 1
3 7 0 0 0 0 1 851 2 9 9 3
3 8 0 1 0 0 0 3000 3 7 7 9
3 9 0 1 0 0 0 3000 2 12 12 7
3 10 0 1 0 0 0 3000 3 5 5 12
3 11 0 1 0 0 0 3000 3 10 10 5
3 12 0 1 0 0 0 3000 2 15 15 10
3 13 0 1 0 0 0 3000 2 7 7 15
3 14 0 1 0 0 0 3000 3 7 7 7
3 15 0 1 0 0 0 3000 3 6 6 7
3 16 0 1 0 0 0 3000 3 5 5 6
3 17 0 1 0 0 0 3000 2 11 11 5
3 18 0 1 0 0 0 3000 3 14 14 11
3 19 1 1 1 0 0 966 1 11 11 14
3 20 1 0 0 1 0 3000 1 14 14 11
3 21 0 1 0 0 0 3000 2 8 8 14
3 22 0 1 0 0 0 3000 3 4 4 8
3 23 1 0 0 1 0 3000 1 8 8 4
3 24 0 1 0 0 0 3000 3 6 6 8
3 25 0 1 0 0 0 3000 3 13 13 6
4 1 0 1 0 0 0 3000 1 7 7 13
4 2 0 1 0 0 0 3000 2 1 1 7
4 3 0 1 0 0 0 3000 3 4 4 1
4 4 0 1 0 0 0 3000 3 11 11 4
4 5 1 1 1 0 0 437 1 4 4 11
4 6 0 1 0 0 0 3000 3 6 6 4
4 7 0 1 0 0 0 3000 3 9 9 6
4 8 0 1 0 0 0 3000 2 13 13 9
4 9 1 1 1 0 0 754 1 9 9 13
4 10 1 0 0 1 0 3000 1 13 13 9
4 11 0 1 0 0 0 3000 2 12 12 13
4 12 0 1 0 0 0 3000 2 4 4 12
4 13 0 1 0 0 0 3000 2 6 6 4
4 14 0 1 0 0 0 3000 2 6 6 6
4 15 1 1 1 0 0 628 1 6 6 6
4 16 1 0 0 1 0 3000 1 6 6 6
4 17 0 1 0 0 0 3000 3 14 14 6
4 18 0 1 0 0 0 3000 2 13 13 14
4 19 0 1 0 0 0 3000 2 2 2 13
4 20 0 1 0 0 0 3000 3 6 6 2
4 21 1 1 1 0 0 1095 1 2 2 6
4 22 0 1 0 0 0 3000 2 14 14 2
4 23 1 0 0 1 0 3000 1 2 2 14
4 24 0 1 0 0 0 3000 2 6 6 2
4 25 1 1 1 0 0 378 1 2 2 6
5 1 0 1 0 0 0 3000 2 8 8 2
5 2 0 1 0 0 0 3000 1 5 5 8
5 3 0 1 0 0 0 3000 3 13 13 5
5 4 0 1 0 0 0 3000 3 13 13 13
5 5 1 1 1 0 0 489 1 13 13 13
5 6 1 0 0 1 0 3000 1 13 13 13
5 7 1 1 1 0 0 1555 1 13 13 13
5 8 0 1 0 0 0 3000 2 1 1 13
5 9 0 1 0 0 0 3000 2 8 8 1
5 10 0 1 0 0 0 3000 2 2 2 8
5 11 0 1 0 0 0 3000 3 12 12 2
5 12 1 1 1 0 0 381 1 2 2 12
5 13 1 0 0 1 0 3000 1 12 12 2
5 14 0 1 0 0 0 3000 2 7 7 12
5 15 1 0 0 1 0 3000 1 12 12 7
5 16 1 1 1 0 0 2441 1 7 7 12
5 17 0 1 0 0 0 3000 3 15 15 7
5 18 1 1 1 0 0 1344 1 7 7 15
5 19 0 1 0 0 0 3000 3 13 13 7
5 20 1 1 1 0 0 1238 1 7 7 13
5 21 0 1 0 0 0 3000 2 5 5 7
5 22 0 1 0 0 0 3000 3 11 11 5
5 23 1 1 1 0 0 522 1 5 5 11
5 24 1 1 1 0 0 1140 1 11 11 5
5 25 1 1 1 0 0 1058 1 5 5 11
