1 1 0 1 0 0 0 3000 3 4 4 0
1 2 0 1 0 0 0 3000 1 7 7 4
1 3 0 1 0 0 0 3000 2 9 9 7
1 4 0 1 0 0 0 3000 2 3 3 9
1 5 0 1 0 0 0 3000 2 11 11 3
1 6 0 1 0 0 0 3000 2 5 5 11
1 7 1 1 1 0 0 1085 1 11 11 5
1 8 0 1 0 0 0 3000 2 15 15 11
1 9 0 1 0 0 0 3000 2 14 14 15
1 10 1 0 0 1 0 3000 1 15 15 14
1 11 0 1 0 0 0 3000 2 12 12 15
1 12 1 1 1 0 0 640 1 15 15 12
1 13 1 1 1 0 0 1127 1 12 12 15
1 14 1 1 1 0 0 503 1 15 15 12
1 15 1 0 0 1 0 3000 1 12 12 15
1 16 0 0 0 0 1 1754 2 8 8 12
1 17 0 0 0 0 1 1121 2 11 11 8
1 18 0 1 0 0 0 3000 2 13 13 11
1 19 0 1 0 0 0 3000 3 3 3 13
1 20 0 1 0 0 0 3000 3 4 4 3
1 21 1 1 1 0 0 549 1 3 3 4
1 22 0 1 0 0 0 3000 2 9 9 3
1 23 1 0 0 1 0 3000 1 3 3 9
1 24 0 1 0 0 0 3000 3 7 7 3
1 25 1 1 1 0 0 682 1 3 3 7
2 1 0 1 0 0 0 3000 2 15 15 3
2 2 0 1 0 0 0 3000 1 10 10 15
2 3 0 1 0 0 0 3000 3 7 7 10
2 4 1 1 1 0 0 334 1 10 10 7
2 5 0 1 0 0 0 3000 3 3 3 10
2 6 0 1 0 0 0 3000 3 13 13 3
2 7 1 1 1 0 0 562 1 3 3 13
2 8 0 1 0 0 0 3000 3 7 7 3
2 9 0 1 0 0 0 3000 2 12 12 7
2 10 0 1 0 0 0 3000 3 14 14 12
2 11 1 1 1 0 0 670 1 12 12 14
2 12 0 1 0 0 0 3000 3 1 1 12
2 13 0 1 0 0 0 3000 3 8 8 1
2 14 1 1 1 0 0 338 1 1 1 8
2 15 0 1 0 0 0 3000 2 5 5 1
2 16 0 1 0 0 0 3000 3 14 14 5
2 17 1 1 1 0 0 333 1 5 5 14
2 18 1 1 1 0 0 1124 1 14 14 5
2 19 0 1 0 0 0 3000 2 3 3 14
2 20 1 1 1 0 0 552 1 14 14 3
2 21 0 1 0 0 0 3000 3 10 10 14
2 22 1 1 1 0 0 1102 1 14 14 10
2 23 0 1 0 0 0 3000 2 15 15 14
2 24 0 1 0 0 0 3000 3 7 7 15
2 25 1 1 1 0 0 324 1 15 15 7
3 1 0 1 0 0 0 3000 2 13 13 15
3 2 0 1 0 0 0 3000 2 7 7 13
3 3 1 1 1 0 0 2456 1 13 13 7
3 4 0 0 0 0 1 1514 2 13 13 13
3 5 0 1 0 0 0 3000 2 15 15 13
3 6 0 1 0 0 0 3000 3 3 3 15
3 7 1 1 1 0 0 446 1 15 15 3
3 8 0 1 0 0 0 3000 3 11 11 15
3 9 0 1 0 0 0 3000 2 1 1 11
3 10 1 1 1 0 0 571 1 11 11 1
3 11 0 1 0 0 0 3000 2 4 4 11
3 12 0 1 0 0 0 3000 3 12 12 4
3 13 1 1 1 0 0 511 1 4 4 12
3 14 0 1 0 0 0 3000 3 7 7 4
3 15 1 1 1 0 0 684 1 4 4 7
3 16 0 0 0 0 1 845 3 11 11 4
3 17 0 1 0 0 0 3000 2 14 14 11
3 18 1 1 1 0 0 356 1 11 11 14
3 19 0 1 0 0 0 3000 3 4 4 11
3 20 0 1 0 0 0 3000 3 13 13 4
3 21 1 1 1 0 0 335 1 4 4 13
3 22 0 1 0 0 0 3000 3 8 8 4
3 23 0 0 0 0 1 713 3 13 13 8
3 24 1 1 1 0 0 850 1 8 8 13
3 25 0 1 0 0 0 3000 2 14 14 8
4 1 0 1 0 0 0 3000 1 2 2 14
4 2 0 1 0 0 0 3000 3 4 4 2
4 3 0 1 0 0 0 3000 3 1 1 4
4 4 1 1 1 0 0 534 1 4 4 1
4 5 1 1 1 0 0 1310 1 1 1 4
4 6 0 1 0 0 0 3000 3 6 6 1
4 7 1 1 1 0 0 603 1 1 1 6
4 8 1 1 1 0 0 789 1 6 6 1
4 9 1 1 1 0 0 403 1 1 1 6
4 10 0 1 0 0 0 3000 2 13 13 1
4 11 0 1 0 0 0 3000 2 11 11 13
4 12 0 1 0 0 0 3000 2 3 3 11
4 13 0 1 0 0 0 3000 3 4 4 3
4 14 0 1 0 0 0 3000 3 4 4 4
4 15 1 1 1 0 0 685 1 4 4 4
4 16 1 1 1 0 0 1581 1 4 4 4
4 17 0 1 0 0 0 3000 3 15 15 4
4 18 0 1 0 0 0 3000 2 2 2 15
4 19 0 1 0 0 0 3000 2 11 11 2
4 20 0 0 0 0 1 808 3 4 4 11
4 21 0 1 0 0 0 3000 2 1 1 4
4 22 0 0 0 0 1 766 3 1 1 1
4 23 0 1 0 0 0 3000 2 3 3 1
4 24 0 1 0 0 0 3000 2 9 9 3
4 25 1 1 1 0 0 345 1 3 3 9
5 1 0 1 0 0 0 3000 3 4 4 3
5 2 0 1 0 0 0 3000 3 8 8 4
5 3 0 1 0 0 0 3000 2 10 10 8
5 4 1 1 1 0 0 934 1 8 8 10
5 5 0 1 0 0 0 3000 2 7 7 8
5 6 0 0 0 0 1 1084 2 4 4 7
5 7 1 1 1 0 0 604 1 7 7 4
5 8 1 1 1 0 0 852 1 4 4 7
5 9 1 1 1 0 0 915 1 7 7 4
5 10 0 1 0 0 0 3000 2 9 9 7
5 11 1 1 1 0 0 1144 1 7 7 9
5 12 0 1 0 0 0 3000 3 5 5 7
5 13 1 1 1 0 0 375 1 7 7 5
5 14 0 1 0 0 0 3000 2 10 10 7
5 15 1 1 1 0 0 404 1 7 7 10
5 16 1 1 1 0 0 916 1 10 10 7
5 17 0 1 0 0 0 3000 3 8 8 10
5 18 1 1 1 0 0 370 1 10 10 8
5 19 1 1 1 0 0 610 1 8 8 10
5 20 0 1 0 0 0 3000 2 8 8 8
5 21 0 1 0 0 0 3000 3 15 15 8
5 22 0 1 0 0 0 3000 2 10 10 15
5 23 0 1 0 0 0 3000 2 1 1 10
5 24 0 1 0 0 0 3000 2 13 13 1
5 25 1 1 1 0 0 651 1 1 1 13
