1 1 0 1 0 0 0 3000 1 10 10 0
1 2 0 1 0 0 0 3000 2 10 10 10
1 3 1 0 0 1 0 3000 1 10 10 10
1 4 0 1 0 0 0 3000 3 7 7 10
1 5 0 1 0 0 0 3000 3 14 14 7
1 6 1 1 1 0 0 854 1 7 7 14
1 7 0 1 0 0 0 3000 3 8 8 7
1 8 0 1 0 0 0 3000 3 15 15 8
1 9 1 1 1 0 0 434 1 8 8 15
1 10 0 1 0 0 0 3000 3 12 12 8
1 11 1 0 0 1 0 3000 1 8 8 12
1 12 1 1 1 0 0 426 1 12 12 8
1 13 0 1 0 0 0 3000 2 4 4 12
1 14 0 1 0 0 0 3000 3 9 9 4
1 15 0 1 0 0 0 3000 3 10 10 9
1 16 0 1 0 0 0 3000 2 14 14 10
1 17 0 1 0 0 0 3000 3 1 1 14
1 18 0 1 0 0 0 3000 3 12 12 1
1 19 0 1 0 0 0 3000 3 15 15 12
1 20 0 1 0 0 0 3000 3 4 4 15
1 21 0 1 0 0 0 3000 2 8 8 4
1 22 1 1 1 0 0 665 1 4 4 8
1 23 0 1 0 0 0 3000 3 13 13 4
1 24 0 1 0 0 0 3000 2 3 3 13
1 25 0 1 0 0 0 3000 2 12 12 3
2 1 0 1 0 0 0 3000 3 2 2 12
2 2 0 1 0 0 0 3000 3 4 4 2
2 3 0 1 0 0 0 3000 3 7 7 4
2 4 0 1 0 0 0 3000 2 15 15 7
2 5 0 1 0 0 0 3000 3 1 1 15
2 6 0 1 0 0 0 3000 2 14 14 1
2 7 1 1 1 0 0 552 1 1 1 14
2 8 0 1 0 0 0 3000 3 11 11 1
2 9 0 1 0 0 0 3000 2 3 3 11
2 10 1 1 1 0 0 669 1 11 11 3
2 11 1 1 1 0 0 2612 1 3 3 11
2 12 0 1 0 0 0 3000 2 2 2 3
2 13 1 0 0 1 0 3000 1 3 3 2
2 14 0 0 0 0 1 200 2 5 5 3
2 15 1 0 0 1 0 3000 1 3 3 5
2 16 0 1 0 0 0 3000 3 3 3 3
2 17 0 1 0 0 0 3000 2 7 7 3
2 18 0 1 0 0 0 3000 2 7 7 7
2 19 0 1 0 0 0 3000 2 13 13 7
2 20 0 1 0 0 0 3000 3 9 9 13
2 21 1 1 1 0 0 561 1 13 13 9
2 22 1 0 0 1 0 3000 1 9 9 13
2 23 0 1 0 0 0 3000 3 15 15 9
2 24 1 1 1 0 0 503 1 9 9 15
2 25 1 1 1 0 0 479 1 15 15 9
3 1 0 1 0 0 0 3000 2 2 2 15
3 2 0 1 0 0 0 3000 3 14 14 2
3 3 0 1 0 0 0 3000 3 7 7 14
3 4 0 1 0 0 0 3000 2 4 4 7
3 5 0 1 0 0 0 3000 3 5 5 4
3 6 0 1 0 0 0 3000 2 9 9 5
3 7 0 1 0 0 0 3000 3 4 4 9
3 8 1 1 1 0 0 638 1 9 9 4
3 9 0 1 0 0 0 3000 2 1 1 9
3 10 0 1 0 0 0 3000 2 3 3 1
3 11 0 1 0 0 0 3000 2 2 2 3
3 12 1 1 1 0 0 522 1 3 3 2
3 13 0 1 0 0 0 3000 2 8 8 3
3 14 0 1 0 0 0 3000 2 12 12 8
3 15 1 1 1 0 0 717 1 8 8 12
3 16 1 1 1 0 0 1239 1 12 12 8
3 17 0 1 0 0 0 3000 3 14 14 12
3 18 0 1 0 0 0 3000 3 15 15 14
3 19 0 1 0 0 0 3000 3 8 8 15
3 20 0 1 0 0 0 3000 2 1 1 8
3 21 0 1 0 0 0 3000 2 10 10 1
3 22 0 1 0 0 0 3000 2 8 8 10
3 23 0 1 0 0 0 3000 3 5 5 8
3 24 0 1 0 0 0 3000 3 15 15 5
3 25 0 1 0 0 0 3000 2 3 3 15
4 1 0 0 0 0 1 1200 3 5 5 3
4 2 0 1 0 0 0 3000 1 13 13 5
4 3 0 1 0 0 0 3000 2 3 3 13
4 4 0 1 0 0 0 3000 3 4 4 3
4 5 0 1 0 0 0 3000 2 10 10 4
4 6 0 1 0 0 0 3000 2 14 14 10
4 7 0 1 0 0 0 3000 2 1 1 14
4 8 1 1 1 0 0 644 1 14 14 1
4 9 0 1 0 0 0 3000 3 12 12 14
4 10 0 1 0 0 0 3000 3 1 1 12
4 11 1 1 1 0 0 481 1 12 12 1
4 12 0 1 0 0 0 3000 2 3 3 12
4 13 0 1 0 0 0 3000 2 15 15 3
4 14 0 1 0 0 0 3000 2 10 10 15
4 15 0 0 0 0 1 632 2 10 10 10
4 16 0 0 0 0 1 608 3 15 15 10
4 17 1 1 1 0 0 481 1 10 10 15
4 18 1 1 1 0 0 764 1 15 15 10
4 19 0 1 0 0 0 3000 3 12 12 15
4 20 0 1 0 0 0 3000 3 4 4 12
4 21 0 1 0 0 0 3000 2 9 9 4
4 22 0 1 0 0 0 3000 2 13 13 9
4 23 1 1 1 0 0 541 1 9 9 13
4 24 0 1 0 0 0 3000 2 15 15 9
4 25 0 1 0 0 0 3000 2 2 2 15
5 1 0 1 0 0 0 3000 2 5 5 2
5 2 0 1 0 0 0 3000 1 5 5 5
5 3 0 1 0 0 0 3000 3 6 6 5
5 4 0 1 0 0 0 3000 2 4 4 6
5 5 0 1 0 0 0 3000 2 15 15 4
5 6 1 1 1 0 0 490 1 4 4 15
5 7 0 1 0 0 0 3000 3 7 7 4
5 8 0 1 0 0 0 3000 3 11 11 7
5 9 0 1 0 0 0 3000 2 2 2 11
5 10 1 1 1 0 0 859 1 11 11 2
5 11 1 1 1 0 0 388 1 2 2 11
5 12 0 1 0 0 0 3000 2 6 6 2
5 13 0 1 0 0 0 3000 2 5 5 6
5 14 0 0 0 0 1 519 2 5 5 5
5 15 0 1 0 0 0 3000 2 8 8 5
5 16 0 1 0 0 0 3000 3 11 11 8
5 17 0 1 0 0 0 3000 3 10 10 11
5 18 0 1 0 0 0 3000 2 1 1 10
5 19 0 1 0 0 0 3000 2 9 9 1
5 20 1 1 1 0 0 639 1 1 1 9
5 21 1 1 1 0 0 449 1 9 9 1
5 22 0 1 0 0 0 3000 2 9 9 9
5 23 0 1 0 0 0 3000 3 7 7 9
5 24 0 1 0 0 0 3000 2 2 2 7
5 25 0 1 0 0 0 3000 2 6 6 2
