1 1 0 1 0 0 0 3000 2 7 7 0
1 2 0 1 0 0 0 3000 2 11 11 7
1 3 1 0 0 1 0 3000 1 7 7 11
1 4 0 1 0 0 0 3000 3 3 3 7
1 5 0 1 0 0 0 3000 3 3 3 3
1 6 1 1 1 0 0 1632 1 3 3 3
1 7 0 1 0 0 0 3000 3 15 15 3
1 8 1 1 1 0 0 981 1 3 3 15
1 9 0 1 0 0 0 3000 3 2 2 3
1 10 1 1 1 0 0 492 1 3 3 2
1 11 0 0 0 0 1 1265 3 3 3 3
1 12 0 1 0 0 0 3000 3 8 8 3
1 13 0 1 0 0 0 3000 2 1 1 8
1 14 0 0 0 0 1 715 3 1 1 1
1 15 1 1 1 0 0 1996 1 1 1 1
1 16 0 0 0 0 1 1053 3 8 8 1
1 17 0 1 0 0 0 3000 2 7 7 8
1 18 0 1 0 0 0 3000 3 13 13 7
1 19 0 1 0 0 0 3000 2 11 11 13
1 20 1 1 1 0 0 646 1 13 13 11
1 21 1 1 1 0 0 1894 1 11 11 13
1 22 0 1 0 0 0 3000 2 8 8 11
1 23 0 0 0 0 1 1029 3 8 8 8
1 24 0 1 0 0 0 3000 2 6 6 8
1 25 0 1 0 0 0 3000 2 7 7 6
2 1 0 1 0 0 0 3000 3 3 3 7
2 2 0 1 0 0 0 3000 1 10 10 3
2 3 1 1 1 0 0 1559 1 3 3 10
2 4 0 1 0 0 0 3000 2 11 11 3
2 5 0 1 0 0 0 3000 3 6 6 11
2 6 0 0 0 0 1 843 2 3 3 6
2 7 0 1 0 0 0 3000 2 15 15 3
2 8 1 1 1 0 0 651 1 3 3 15
2 9 0 1 0 0 0 3000 3 10 10 3
2 10 1 1 1 0 0 897 1 3 3 10
2 11 0 0 0 0 1 872 2 15 15 3
2 12 1 1 1 0 0 866 1 3 3 15
2 13 1 1 1 0 0 616 1 15 15 3
2 14 0 1 0 0 0 3000 3 8 8 15
2 15 1 1 1 0 0 487 1 15 15 8
2 16 0 1 0 0 0 3000 2 12 12 15
2 17 0 1 0 0 0 3000 3 5 5 12
2 18 0 1 0 0 0 3000 3 4 4 5
2 19 1 1 1 0 0 470 1 5 5 4
2 20 0 1 0 0 0 3000 2 9 9 5
2 21 0 1 0 0 0 3000 2 14 14 9
2 22 0 1 0 0 0 3000 2 2 2 14
2 23 0 0 0 0 1 500 3 5 5 2
2 24 1 1 1 0 0 682 1 2 2 5
2 25 1 1 1 0 0 1032 1 5 5 2
3 1 0 1 0 0 0 3000 3 5 5 5
3 2 0 1 0 0 0 3000 2 9 9 5
3 3 0 1 0 0 0 3000 2 1 1 9
3 4 0 1 0 0 0 3000 3 15 15 1
3 5 1 1 1 0 0 695 1 1 1 15
3 6 0 1 0 0 0 3000 3 10 10 1
3 7 0 0 0 0 1 660 3 10 10 10
3 8 0 0 0 0 1 652 2 1 1 10
3 9 0 1 0 0 0 3000 2 2 2 1
3 10 1 1 1 0 0 554 1 1 1 2
3 11 1 1 1 0 0 698 1 2 2 1
3 12 1 1 1 0 0 463 1 1 1 2
3 13 0 1 0 0 0 3000 2 12 12 1
3 14 0 1 0 0 0 3000 3 9 9 12
3 15 0 1 0 0 0 3000 2 10 10 9
3 16 1 1 1 0 0 591 1 9 9 10
3 17 0 0 0 0 1 659 2 2 2 9
3 18 0 1 0 0 0 3000 2 13 13 2
3 19 0 0 0 0 1 597 2 10 10 13
3 20 0 0 0 0 1 813 3 12 12 10
3 21 1 1 1 0 0 1871 1 10 10 12
3 22 0 1 0 0 0 3000 3 2 2 10
3 23 0 1 0 0 0 3000 3 11 11 2
3 24 0 0 0 0 1 1169 3 5 5 11
3 25 0 0 0 0 1 617 3 2 2 5
4 1 0 1 0 0 0 3000 2 6 6 2
4 2 0 1 0 0 0 3000 3 4 4 6
4 3 1 1 1 0 0 1124 1 6 6 4
4 4 1 1 1 0 0 1102 1 4 4 6
4 5 1 1 1 0 0 927 1 6 6 4
4 6 0 1 0 0 0 3000 2 14 14 6
4 7 0 1 0 0 0 3000 3 9 9 14
4 8 0 0 0 0 1 491 2 9 9 9
4 9 0 1 0 0 0 3000 3 1 1 9
4 10 0 0 0 0 1 1164 3 14 14 1
4 11 0 1 0 0 0 3000 3 8 8 14
4 12 0 0 0 0 1 1555 3 9 9 8
4 13 0 0 0 0 1 986 3 1 1 9
4 14 1 1 1 0 0 1097 1 9 9 1
4 15 0 1 0 0 0 3000 2 13 13 9
4 16 0 1 0 0 0 3000 3 15 15 13
4 17 0 1 0 0 0 3000 3 14 14 15
4 18 0 1 0 0 0 3000 2 8 8 14
4 19 0 1 0 0 0 3000 2 1 1 8
4 20 0 1 0 0 0 3000 3 5 5 1
4 21 1 1 1 0 0 665 1 1 1 5
4 22 0 0 0 0 1 2224 3 15 15 1
4 23 0 0 0 0 1 656 2 13 13 15
4 24 0 0 0 0 1 1744 2 1 1 13
4 25 0 1 0 0 0 3000 3 6 6 1
5 1 0 1 0 0 0 3000 1 6 6 6
5 2 0 1 0 0 0 3000 2 5 5 6
5 3 0 1 0 0 0 3000 3 14 14 5
5 4 0 1 0 0 0 3000 2 13 13 14
5 5 0 1 0 0 0 3000 2 6 6 13
5 6 0 1 0 0 0 3000 2 15 15 6
5 7 0 1 0 0 0 3000 2 4 4 15
5 8 0 0 0 0 1 602 3 13 13 4
5 9 1 1 1 0 0 618 1 4 4 13
5 10 1 1 1 0 0 1104 1 13 13 4
5 11 0 1 0 0 0 3000 3 6 6 13
5 12 0 1 0 0 0 3000 2 10 10 6
5 13 0 0 0 0 1 573 2 11 11 10
5 14 0 1 0 0 0 3000 2 3 3 11
5 15 0 1 0 0 0 3000 3 9 9 3
5 16 0 1 0 0 0 3000 3 15 15 9
5 17 0 1 0 0 0 3000 2 13 13 15
5 18 0 1 0 0 0 3000 3 6 6 13
5 19 1 1 1 0 0 614 1 13 13 6
5 20 1 1 1 0 0 1157 1 6 6 13
5 21 1 1 1 0 0 2269 1 13 13 6
5 22 1 1 1 0 0 1365 1 6 6 13
5 23 1 1 1 0 0 891 1 13 13 6
5 24 0 1 0 0 0 3000 3 9 9 13
5 25 0 1 0 0 0 3000 2 8 8 9
