1 1 0 1 0 0 0 3000 1 14 14 0
1 2 0 1 0 0 0 3000 2 7 7 14
1 3 0 1 0 0 0 3000 2 6 6 7
1 4 1 1 1 0 0 481 1 7 7 6
1 5 0 1 0 0 0 3000 2 1 1 7
1 6 0 1 0 0 0 3000 3 13 13 1
1 7 0 1 0 0 0 3000 2 6 6 13
1 8 0 1 0 0 0 3000 2 4 4 6
1 9 0 1 0 0 0 3000 3 3 3 4
1 10 0 0 0 0 1 480 2 1 1 3
1 11 0 1 0 0 0 3000 3 2 2 1
1 12 0 1 0 0 0 3000 2 4 4 2
1 13 0 1 0 0 0 3000 3 14 14 4
1 14 1 1 1 0 0 359 1 4 4 14
1 15 0 1 0 0 0 3000 2 9 9 4
1 16 1 0 0 1 0 3000 1 4 4 9
1 17 0 1 0 0 0 3000 2 6 6 4
1 18 0 1 0 0 0 3000 2 11 11 6
1 19 1 1 1 0 0 424 1 6 6 11
1 20 0 1 0 0 0 3000 3 9 9 6
1 21 0 1 0 0 0 3000 3 3 3 9
1 22 1 1 1 0 0 365 1 9 9 3
1 23 1 0 0 1 0 3000 1 3 3 9
1 24 1 0 0 1 0 3000 1 9 9 3
1 25 0 1 0 0 0 3000 3 12 12 9
2 1 0 1 0 0 0 3000 3 3 3 12
2 2 0 1 0 0 0 3000 3 7 7 3
2 3 1 1 1 0 0 405 1 3 3 7
2 4 0 1 0 0 0 3000 3 13 13 3
2 5 0 1 0 0 0 3000 2 10 10 13
2 6 0 1 0 0 0 3000 2 15 15 10
2 7 0 1 0 0 0 3000 2 2 2 15
2 8 0 1 0 0 0 3000 2 11 11 2
2 9 0 1 0 0 0 3000 2 5 5 11
2 10 0 1 0 0 0 3000 3 5 5 5
2 11 0 0 0 0 1 509 3 15 15 5
2 12 0 1 0 0 0 3000 3 6 6 15
2 13 1 0 0 1 0 3000 1 15 15 6
2 14 0 1 0 0 0 3000 2 13 13 15
2 15 1 1 1 0 0 390 1 15 15 13
2 16 1 1 1 0 0 727 1 13 13 15
2 17 1 1 1 0 0 1399 1 15 15 13
2 18 0 1 0 0 0 3000 2 7 7 15
2 19 0 1 0 0 0 3000 2 9 9 7
2 20 0 1 0 0 0 3000 2 1 1 9
2 21 1 1 1 0 0 331 1 9 9 1
2 22 1 1 1 0 0 348 1 1 1 9
2 23 1 1 1 0 0 836 1 9 9 1
2 24 0 1 0 0 0 3000 2 10 10 9
2 25 1 1 1 0 0 675 1 9 9 10
3 1 0 1 0 0 0 3000 3 11 11 9
3 2 0 1 0 0 0 3000 1 8 8 11
3 3 0 1 0 0 0 3000 2 4 4 8
3 4 1 1 1 0 0 424 1 8 8 4
3 5 0 1 0 0 0 3000 3 5 5 8
3 6 0 1 0 0 0 3000 2 9 9 5
3 7 1 1 1 0 0 326 1 5 5 9
3 8 1 1 1 0 0 370 1 9 9 5
3 9 0 1 0 0 0 3000 2 15 15 9
3 10 0 1 0 0 0 3000 3 15 15 15
3 11 0 1 0 0 0 3000 3 8 8 15
3 12 1 1 1 0 0 270 1 15 15 8
3 13 1 1 1 0 0 321 1 8 8 15
3 14 0 1 0 0 0 3000 2 12 12 8
3 15 0 1 0 0 0 3000 2 12 12 12
3 16 0 0 0 0 1 661 3 8 8 12
3 17 1 1 1 0 0 610 1 12 12 8
3 18 1 1 1 0 0 476 1 8 8 12
3 19 1 1 1 0 0 647 1 12 12 8
3 20 0 1 0 0 0 3000 2 14 14 12
3 21 0 1 0 0 0 3000 3 11 11 14
3 22 0 1 0 0 0 3000 2 9 9 11
3 23 0 1 0 0 0 3000 3 9 9 9
3 24 0 0 0 0 1 560 3 14 14 9
3 25 1 1 1 0 0 658 1 9 9 14
4 1 0 1 0 0 0 3000 3 2 2 9
4 2 0 1 0 0 0 3000 3 10 10 2
4 3 0 1 0 0 0 3000 2 7 7 10
4 4 0 1 0 0 0 3000 2 9 9 7
4 5 0 1 0 0 0 3000 2 12 12 9
4 6 1 1 1 0 0 372 1 9 9 12
4 7 0 1 0 0 0 3000 2 9 9 9
4 8 1 1 1 0 0 512 1 9 9 9
4 9 0 1 0 0 0 3000 3 15 15 9
4 10 1 1 1 0 0 477 1 9 9 15
4 11 0 1 0 0 0 3000 3 10 10 9
4 12 1 1 1 0 0 535 1 9 9 10
4 13 0 1 0 0 0 3000 3 7 7 9
4 14 1 1 1 0 0 379 1 9 9 7
4 15 1 1 1 0 0 620 1 7 7 9
4 16 0 1 0 0 0 3000 2 4 4 7
4 17 1 1 1 0 0 465 1 7 7 4
4 18 1 1 1 0 0 934 1 4 4 7
4 19 0 1 0 0 0 3000 2 8 8 4
4 20 0 1 0 0 0 3000 3 14 14 8
4 21 0 1 0 0 0 3000 3 11 11 14
4 22 0 1 0 0 0 3000 3 10 10 11
4 23 1 1 1 0 0 484 1 11 11 10
4 24 1 0 0 1 0 3000 1 10 10 11
4 25 1 1 1 0 0 615 1 11 11 10
5 1 0 1 0 0 0 3000 1 11 11 11
5 2 0 1 0 0 0 3000 3 14 14 11
5 3 1 1 1 0 0 344 1 11 11 14
5 4 1 1 1 0 0 339 1 14 14 11
5 5 0 1 0 0 0 3000 2 9 9 14
5 6 0 1 0 0 0 3000 2 3 3 9
5 7 0 1 0 0 0 3000 3 6 6 3
5 8 1 1 1 0 0 431 1 3 3 6
5 9 1 1 1 0 0 680 1 6 6 3
5 10 1 1 1 0 0 365 1 3 3 6
5 11 1 1 1 0 0 510 1 6 6 3
5 12 1 1 1 0 0 349 1 3 3 6
5 13 1 1 1 0 0 366 1 6 6 3
5 14 0 1 0 0 0 3000 3 12 12 6
5 15 0 1 0 0 0 3000 3 9 9 12
5 16 0 1 0 0 0 3000 2 5 5 9
5 17 1 1 1 0 0 348 1 9 9 5
5 18 0 1 0 0 0 3000 3 6 6 9
5 19 1 1 1 0 0 511 1 9 9 6
5 20 0 1 0 0 0 3000 3 15 15 9
5 21 1 1 1 0 0 523 1 9 9 15
5 22 0 1 0 0 0 3000 2 10 10 9
5 23 0 1 0 0 0 3000 3 4 4 10
5 24 0 1 0 0 0 3000 3 13 13 4
5 25 0 1 0 0 0 3000 2 10 10 13
