1 1 0 1 0 0 0 3000 3 13 13 0
1 2 0 1 0 0 0 3000 2 6 6 13
1 3 0 1 0 0 0 3000 3 1 1 6
1 4 0 1 0 0 0 3000 2 9 9 1
1 5 0 1 0 0 0 3000 2 3 3 9
1 6 0 1 0 0 0 3000 3 5 5 3
1 7 0 1 0 0 0 3000 2 6 6 5
1 8 1 1 1 0 0 1263 1 5 5 6
1 9 0 1 0 0 0 3000 2 5 5 5
1 10 0 0 0 0 1 765 3 6 6 5
1 11 0 1 0 0 0 3000 2 10 10 6
1 12 0 1 0 0 0 3000 3 1 1 10
1 13 1 1 1 0 0 1204 1 10 10 1
1 14 1 1 1 0 0 769 1 1 1 10
1 15 0 1 0 0 0 3000 2 2 2 1
1 16 1 1 1 0 0 639 1 1 1 2
1 17 0 1 0 0 0 3000 3 14 14 1
1 18 1 0 0 1 0 3000 1 1 1 14
1 19 0 1 0 0 0 3000 3 1 1 1
1 20 0 1 0 0 0 3000 3 10 10 1
1 21 0 1 0 0 0 3000 2 7 7 10
1 22 0 1 0 0 0 3000 2 5 5 7
1 23 0 1 0 0 0 3000 3 14 14 5
1 24 0 1 0 0 0 3000 3 11 11 14
1 25 1 1 1 0 0 737 1 14 14 11
2 1 0 1 0 0 0 3000 2 2 2 14
2 2 0 1 0 0 0 3000 1 6 6 2
2 3 0 1 0 0 0 3000 2 9 9 6
2 4 1 0 0 1 0 3000 1 6 6 9
2 5 1 1 1 0 0 521 1 9 9 6
2 6 0 1 0 0 0 3000 2 8 8 9
2 7 1 1 1 0 0 973 1 9 9 8
2 8 0 1 0 0 0 3000 3 1 1 9
2 9 0 1 0 0 0 3000 2 3 3 1
2 10 0 1 0 0 0 3000 2 15 15 3
2 11 0 1 0 0 0 3000 2 11 11 15
2 12 0 1 0 0 0 3000 3 14 14 11
2 13 0 1 0 0 0 3000 3 2 2 14
2 14 0 1 0 0 0 3000 3 3 3 2
2 15 0 1 0 0 0 3000 2 9 9 3
2 16 0 1 0 0 0 3000 3 1 1 9
2 17 0 1 0 0 0 3000 3 11 11 1
2 18 1 1 1 0 0 523 1 1 1 11
2 19 1 1 1 0 0 491 1 11 11 1
2 20 0 1 0 0 0 3000 3 2 2 11
2 21 0 1 0 0 0 3000 2 2 2 2
2 22 0 1 0 0 0 3000 3 14 14 2
2 23 1 1 1 0 0 492 1 2 2 14
2 24 0 1 0 0 0 3000 2 2 2 2
2 25 0 1 0 0 0 3000 3 11 11 2
3 1 0 1 0 0 0 3000 2 11 11 11
3 2 0 1 0 0 0 3000 2 9 9 11
3 3 1 1 1 0 0 452 1 11 11 9
3 4 1 1 1 0 0 458 1 9 9 11
3 5 1 1 1 0 0 389 1 11 11 9
3 6 1 1 1 0 0 378 1 9 9 11
3 7 1 1 1 0 0 409 1 11 11 9
3 8 1 1 1 0 0 478 1 9 9 11
3 9 0 1 0 0 0 3000 2 9 9 9
3 10 0 1 0 0 0 3000 2 15 15 9
3 11 1 1 1 0 0 621 1 9 9 15
3 12 0 1 0 0 0 3000 2 5 5 9
3 13 0 1 0 0 0 3000 3 15 15 5
3 14 0 1 0 0 0 3000 3 8 8 15
3 15 0 1 0 0 0 3000 3 8 8 8
3 16 0 1 0 0 0 3000 2 2 2 8
3 17 1 1 1 0 0 471 1 8 8 2
3 18 0 1 0 0 0 3000 2 9 9 8
3 19 0 1 0 0 0 3000 2 10 10 9
3 20 1 1 1 0 0 608 1 9 9 10
3 21 0 1 0 0 0 3000 2 2 2 9
3 22 0 1 0 0 0 3000 3 3 3 2
3 23 1 0 0 1 0 3000 1 2 2 3
3 24 0 1 0 0 0 3000 3 1 1 2
3 25 1 1 1 0 0 1402 1 2 2 1
4 1 0 1 0 0 0 3000 3 4 4 2
4 2 0 1 0 0 0 3000 2 15 15 4
4 3 1 1 1 0 0 448 1 4 4 15
4 4 0 1 0 0 0 3000 3 12 12 4
4 5 1 1 1 0 0 384 1 4 4 12
4 6 0 1 0 0 0 3000 3 6 6 4
4 7 0 1 0 0 0 3000 3 8 8 6
4 8 1 1 1 0 0 669 1 6 6 8
4 9 0 1 0 0 0 3000 2 10 10 6
4 10 0 0 0 0 1 675 2 1 1 10
4 11 0 1 0 0 0 3000 2 4 4 1
4 12 0 1 0 0 0 3000 3 6 6 4
4 13 0 1 0 0 0 3000 2 5 5 6
4 14 0 1 0 0 0 3000 2 13 13 5
4 15 0 1 0 0 0 3000 2 13 13 13
4 16 0 1 0 0 0 3000 3 10 10 13
4 17 1 1 1 0 0 524 1 13 13 10
4 18 0 1 0 0 0 3000 2 1 1 13
4 19 0 1 0 0 0 3000 3 7 7 1
4 20 1 1 1 0 0 543 1 1 1 7
4 21 0 1 0 0 0 3000 3 11 11 1
4 22 0 1 0 0 0 3000 3 11 11 11
4 23 1 1 1 0 0 357 1 11 11 11
4 24 0 1 0 0 0 3000 3 2 2 11
4 25 0 1 0 0 0 3000 2 14 14 2
5 1 0 1 0 0 0 3000 3 14 14 14
5 2 0 1 0 0 0 3000 2 1 1 14
5 3 0 1 0 0 0 3000 2 7 7 1
5 4 0 1 0 0 0 3000 3 2 2 7
5 5 1 1 1 0 0 599 1 7 7 2
5 6 0 1 0 0 0 3000 3 3 3 7
5 7 1 1 1 0 0 797 1 7 7 3
5 8 0 1 0 0 0 3000 2 15 15 7
5 9 0 1 0 0 0 3000 2 4 4 15
5 10 1 1 1 0 0 610 1 15 15 4
5 11 0 1 0 0 0 3000 3 9 9 15
5 12 1 1 1 0 0 448 1 15 15 9
5 13 1 1 1 0 0 1586 1 9 9 15
5 14 0 1 0 0 0 3000 2 5 5 9
5 15 1 1 1 0 0 704 1 9 9 5
5 16 1 1 1 0 0 405 1 5 5 9
5 17 0 1 0 0 0 3000 3 5 5 5
5 18 0 1 0 0 0 3000 2 2 2 5
5 19 0 1 0 0 0 3000 3 2 2 2
5 20 1 1 1 0 0 443 1 2 2 2
5 21 0 1 0 0 0 3000 3 1 1 2
5 22 1 1 1 0 0 338 1 2 2 1
5 23 0 1 0 0 0 3000 2 5 5 2
5 24 0 1 0 0 0 3000 3 3 3 5
5 25 0 1 0 0 0 3000 3 13 13 3
