1 1 0 1 0 0 0 3000 3 5 5 0
1 2 0 1 0 0 0 3000 1 8 8 5
1 3 0 1 0 0 0 3000 2 1 1 8
1 4 0 1 0 0 0 3000 2 2 2 1
1 5 0 1 0 0 0 3000 2 5 5 2
1 6 0 1 0 0 0 3000 2 12 12 5
1 7 1 1 1 0 0 707 1 5 5 12
1 8 0 1 0 0 0 3000 2 6 6 5
1 9 1 0 0 1 0 3000 1 5 5 6
1 10 0 1 0 0 0 3000 3 11 11 5
1 11 1 1 1 0 0 711 1 5 5 11
1 12 0 1 0 0 0 3000 2 1 1 5
1 13 1 0 0 1 0 3000 1 5 5 1
1 14 0 1 0 0 0 3000 3 5 5 5
1 15 0 1 0 0 0 3000 3 4 4 5
1 16 1 1 1 0 0 496 1 5 5 4
1 17 1 0 0 1 0 3000 1 4 4 5
1 18 1 0 0 1 0 3000 1 5 5 4
1 19 1 1 1 0 0 603 1 4 4 5
1 20 0 1 0 0 0 3000 2 11 11 4
1 21 0 1 0 0 0 3000 3 13 13 11
1 22 0 1 0 0 0 3000 2 3 3 13
1 23 1 1 1 0 0 750 1 13 13 3
1 24 0 1 0 0 0 3000 3 4 4 13
1 25 0 1 0 0 0 3000 3 3 3 4
2 1 0 1 0 0 0 3000 2 8 8 3
2 2 0 0 0 0 1 1321 1 8 8 8
2 3 0 1 0 0 0 3000 2 1 1 8
2 4 1 0 0 1 0 3000 1 8 8 1
2 5 1 1 1 0 0 358 1 1 1 8
2 6 0 1 0 0 0 3000 3 2 2 1
2 7 1 0 0 1 0 3000 1 1 1 2
2 8 0 1 0 0 0 3000 3 8 8 1
2 9 1 1 1 0 0 329 1 1 1 8
2 10 0 1 0 0 0 3000 3 9 9 1
2 11 0 1 0 0 0 3000 2 6 6 9
2 12 0 1 0 0 0 3000 3 8 8 6
2 13 0 1 0 0 0 3000 3 9 9 8
2 14 1 1 1 0 0 373 1 8 8 9
2 15 0 1 0 0 0 3000 3 7 7 8
2 16 0 1 0 0 0 3000 2 7 7 7
2 17 0 1 0 0 0 3000 3 9 9 7
2 18 0 1 0 0 0 3000 2 14 14 9
2 19 0 1 0 0 0 3000 2 12 12 14
2 20 0 1 0 0 0 3000 2 8 8 12
2 21 0 1 0 0 0 3000 2 5 5 8
2 22 0 1 0 0 0 3000 3 12 12 5
2 23 1 1 1 0 0 758 1 5 5 12
2 24 0 1 0 0 0 3000 2 1 1 5
2 25 0 1 0 0 0 3000 3 11 11 1
3 1 0 1 0 0 0 3000 3 8 8 11
3 2 0 1 0 0 0 3000 3 1 1 8
3 3 1 1 1 0 0 618 1 8 8 1
3 4 1 1 1 0 0 658 1 1 1 8
3 5 0 1 0 0 0 3000 2 10 10 1
3 6 1 1 1 0 0 503 1 1 1 10
3 7 0 1 0 0 0 3000 2 11 11 1
3 8 1 1 1 0 0 468 1 1 1 11
3 9 0 1 0 0 0 3000 3 8 8 1
3 10 0 1 0 0 0 3000 2 6 6 8
3 11 0 1 0 0 0 3000 2 7 7 6
3 12 0 1 0 0 0 3000 2 2 2 7
3 13 1 1 1 0 0 570 1 7 7 2
3 14 1 1 1 0 0 530 1 2 2 7
3 15 0 1 0 0 0 3000 3 2 2 2
3 16 0 1 0 0 0 3000 3 6 6 2
3 17 0 1 0 0 0 3000 2 1 1 6
3 18 1 1 1 0 0 559 1 6 6 1
3 19 1 0 0 1 0 3000 1 1 1 6
3 20 0 1 0 0 0 3000 3 2 2 1
3 21 0 1 0 0 0 3000 2 15 15 2
3 22 1 1 1 0 0 537 1 2 2 15
3 23 0 1 0 0 0 3000 2 3 3 2
3 24 0 1 0 0 0 3000 2 12 12 3
3 25 0 1 0 0 0 3000 2 14 14 12
4 1 0 1 0 0 0 3000 1 5 5 14
4 2 0 1 0 0 0 3000 3 3 3 5
4 3 1 1 1 0 0 443 1 5 5 3
4 4 1 1 1 0 0 1278 1 3 3 5
4 5 1 1 1 0 0 1876 1 5 5 3
4 6 0 1 0 0 0 3000 2 4 4 5
4 7 0 1 0 0 0 3000 3 9 9 4
4 8 0 1 0 0 0 3000 2 15 15 9
4 9 0 1 0 0 0 3000 2 5 5 15
4 10 0 1 0 0 0 3000 3 1 1 5
4 11 0 1 0 0 0 3000 3 10 10 1
4 12 0 1 0 0 0 3000 2 10 10 10
4 13 0 1 0 0 0 3000 3 6 6 10
4 14 0 1 0 0 0 3000 3 6 6 6
4 15 0 1 0 0 0 3000 2 5 5 6
4 16 0 1 0 0 0 3000 3 12 12 5
4 17 1 1 1 0 0 719 1 5 5 12
4 18 1 1 1 0 0 832 1 12 12 5
4 19 1 1 1 0 0 735 1 5 5 12
4 20 0 1 0 0 0 3000 3 10 10 5
4 21 1 1 1 0 0 419 1 5 5 10
4 22 0 1 0 0 0 3000 2 6 6 5
4 23 0 1 0 0 0 3000 2 2 2 6
4 24 1 1 1 0 0 608 1 6 6 2
4 25 0 1 0 0 0 3000 2 5 5 6
5 1 0 1 0 0 0 3000 3 1 1 5
5 2 0 1 0 0 0 3000 1 9 9 1
5 3 1 1 1 0 0 420 1 1 1 9
5 4 1 1 1 0 0 613 1 9 9 1
5 5 1 1 1 0 0 717 1 1 1 9
5 6 0 1 0 0 0 3000 3 3 3 1
5 7 0 1 0 0 0 3000 2 4 4 3
5 8 1 1 1 0 0 346 1 3 3 4
5 9 1 1 1 0 0 569 1 4 4 3
5 10 1 1 1 0 0 466 1 3 3 4
5 11 0 1 0 0 0 3000 2 1 1 3
5 12 0 1 0 0 0 3000 3 13 13 1
5 13 1 1 1 0 0 453 1 1 1 13
5 14 0 1 0 0 0 3000 2 14 14 1
5 15 0 1 0 0 0 3000 2 12 12 14
5 16 0 1 0 0 0 3000 3 8 8 12
5 17 0 1 0 0 0 3000 3 11 11 8
5 18 0 1 0 0 0 3000 3 13 13 11
5 19 0 1 0 0 0 3000 3 12 12 13
5 20 0 1 0 0 0 3000 3 15 15 12
5 21 1 1 1 0 0 665 1 12 12 15
5 22 0 1 0 0 0 3000 2 8 8 12
5 23 1 1 1 0 0 734 1 12 12 8
5 24 1 1 1 0 0 958 1 8 8 12
5 25 0 1 0 0 0 3000 2 9 9 8
