1 1 0 1 0 0 0 3000 1 11 11 0
1 2 0 1 0 0 0 3000 3 10 10 11
1 3 1 1 1 0 0 991 1 11 11 10
1 4 0 1 0 0 0 3000 2 6 6 11
1 5 0 1 0 0 0 3000 3 14 14 6
1 6 1 1 1 0 0 451 1 6 6 14
1 7 1 0 0 1 0 3000 1 14 14 6
1 8 1 0 0 1 0 3000 1 6 6 14
1 9 1 1 1 0 0 946 1 14 14 6
1 10 0 1 0 0 0 3000 2 1 1 14
1 11 0 1 0 0 0 3000 3 8 8 1
1 12 0 1 0 0 0 3000 2 4 4 8
1 13 0 1 0 0 0 3000 2 11 11 4
1 14 1 0 0 1 0 3000 1 4 4 11
1 15 0 1 0 0 0 3000 3 12 12 4
1 16 0 1 0 0 0 3000 3 10 10 12
1 17 0 1 0 0 0 3000 3 5 5 10
1 18 1 1 1 0 0 345 1 10 10 5
1 19 1 0 0 1 0 3000 1 5 5 10
1 20 0 1 0 0 0 3000 3 1 1 5
1 21 0 1 0 0 0 3000 3 8 8 1
1 22 0 1 0 0 0 3000 2 7 7 8
1 23 0 1 0 0 0 3000 3 5 5 7
1 24 0 1 0 0 0 3000 2 12 12 5
1 25 1 0 0 1 0 3000 1 5 5 12
2 1 0 1 0 0 0 3000 3 10 10 5
2 2 0 1 0 0 0 3000 2 13 13 10
2 3 1 1 1 0 0 261 1 10 10 13
2 4 0 1 0 0 0 3000 2 15 15 10
2 5 0 1 0 0 0 3000 3 9 9 15
2 6 0 1 0 0 0 3000 3 13 13 9
2 7 0 1 0 0 0 3000 2 13 13 13
2 8 1 1 1 0 0 498 1 13 13 13
2 9 0 1 0 0 0 3000 3 8 8 13
2 10 0 1 0 0 0 3000 2 8 8 8
2 11 0 1 0 0 0 3000 2 12 12 8
2 12 0 1 0 0 0 3000 3 13 13 12
2 13 1 1 1 0 0 689 1 12 12 13
2 14 0 1 0 0 0 3000 3 11 11 12
2 15 1 1 1 0 0 685 1 12 12 11
2 16 0 1 0 0 0 3000 2 8 8 12
2 17 1 1 1 0 0 452 1 12 12 8
2 18 0 1 0 0 0 3000 2 11 11 12
2 19 1 1 1 0 0 1140 1 12 12 11
2 20 0 1 0 0 0 3000 2 5 5 12
2 21 0 0 0 0 1 338 2 11 11 5
2 22 1 1 1 0 0 1267 1 5 5 11
2 23 1 1 1 0 0 688 1 11 11 5
2 24 0 1 0 0 0 3000 2 11 11 11
2 25 0 1 0 0 0 3000 3 10 10 11
3 1 0 1 0 0 0 3000 1 12 12 10
3 2 0 1 0 0 0 3000 2 14 14 12
3 3 1 1 1 0 0 279 1 12 12 14
3 4 0 1 0 0 0 3000 3 1 1 12
3 5 0 1 0 0 0 3000 2 7 7 1
3 6 1 1 1 0 0 303 1 1 1 7
3 7 1 1 1 0 0 328 1 7 7 1
3 8 0 1 0 0 0 3000 2 5 5 7
3 9 0 1 0 0 0 3000 2 5 5 5
3 10 1 1 1 0 0 308 1 5 5 5
3 11 1 1 1 0 0 399 1 5 5 5
3 12 0 1 0 0 0 3000 3 3 3 5
3 13 1 1 1 0 0 982 1 5 5 3
3 14 1 1 1 0 0 354 1 3 3 5
3 15 0 1 0 0 0 3000 3 6 6 3
3 16 0 1 0 0 0 3000 2 7 7 6
3 17 0 1 0 0 0 3000 2 13 13 7
3 18 0 1 0 0 0 3000 2 15 15 13
3 19 1 1 1 0 0 391 1 13 13 15
3 20 0 1 0 0 0 3000 3 4 4 13
3 21 0 1 0 0 0 3000 3 2 2 4
3 22 0 1 0 0 0 3000 2 9 9 2
3 23 1 1 1 0 0 291 1 2 2 9
3 24 1 1 1 0 0 664 1 9 9 2
3 25 0 1 0 0 0 3000 3 5 5 9
4 1 0 1 0 0 0 3000 1 10 10 5
4 2 0 1 0 0 0 3000 2 2 2 10
4 3 1 1 1 0 0 309 1 10 10 2
4 4 0 1 0 0 0 3000 3 8 8 10
4 5 0 1 0 0 0 3000 3 4 4 8
4 6 0 1 0 0 0 3000 2 1 1 4
4 7 1 1 1 0 0 269 1 4 4 1
4 8 0 1 0 0 0 3000 2 12 12 4
4 9 0 1 0 0 0 3000 3 9 9 12
4 10 0 1 0 0 0 3000 3 11 11 9
4 11 0 1 0 0 0 3000 3 15 15 11
4 12 1 1 1 0 0 283 1 11 11 15
4 13 0 1 0 0 0 3000 2 4 4 11
4 14 0 1 0 0 0 3000 2 6 6 4
4 15 0 1 0 0 0 3000 2 11 11 6
4 16 0 1 0 0 0 3000 3 8 8 11
4 17 0 1 0 0 0 3000 2 7 7 8
4 18 0 1 0 0 0 3000 3 3 3 7
4 19 1 1 1 0 0 399 1 7 7 3
4 20 1 0 0 1 0 3000 1 3 3 7
4 21 0 1 0 0 0 3000 2 13 13 3
4 22 1 1 1 0 0 348 1 3 3 13
4 23 0 1 0 0 0 3000 3 11 11 3
4 24 0 1 0 0 0 3000 3 14 14 11
4 25 1 1 1 0 0 351 1 11 11 14
5 1 0 1 0 0 0 3000 3 1 1 11
5 2 0 1 0 0 0 3000 1 3 3 1
5 3 1 1 1 0 0 302 1 1 1 3
5 4 0 1 0 0 0 3000 3 7 7 1
5 5 0 1 0 0 0 3000 2 12 12 7
5 6 1 1 1 0 0 375 1 7 7 12
5 7 0 1 0 0 0 3000 2 8 8 7
5 8 1 1 1 0 0 557 1 7 7 8
5 9 0 1 0 0 0 3000 2 13 13 7
5 10 1 1 1 0 0 588 1 7 7 13
5 11 1 1 1 0 0 773 1 13 13 7
5 12 1 1 1 0 0 445 1 7 7 13
5 13 0 1 0 0 0 3000 2 12 12 7
5 14 1 1 1 0 0 441 1 7 7 12
5 15 1 1 1 0 0 603 1 12 12 7
5 16 0 1 0 0 0 3000 2 14 14 12
5 17 0 1 0 0 0 3000 3 14 14 14
5 18 0 1 0 0 0 3000 2 9 9 14
5 19 0 1 0 0 0 3000 3 10 10 9
5 20 1 1 1 0 0 325 1 9 9 10
5 21 1 1 1 0 0 399 1 10 10 9
5 22 0 1 0 0 0 3000 2 1 1 10
5 23 0 1 0 0 0 3000 2 8 8 1
5 24 1 1 1 0 0 297 1 1 1 8
5 25 0 1 0 0 0 3000 3 1 1 1
