1 1 0 1 0 0 0 3000 3 8 8 0
1 2 0 1 0 0 0 3000 2 8 8 8
1 3 1 1 1 0 0 531 1 8 8 8
1 4 0 1 0 0 0 3000 2 6 6 8
1 5 0 1 0 0 0 3000 3 4 4 6
1 6 0 1 0 0 0 3000 2 11 11 4
1 7 1 1 1 0 0 383 1 4 4 11
1 8 0 1 0 0 0 3000 3 2 2 4
1 9 1 0 0 1 0 3000 1 4 4 2
1 10 0 1 0 0 0 3000 2 4 4 4
1 11 1 1 1 0 0 362 1 4 4 4
1 12 1 0 0 1 0 3000 1 4 4 4
1 13 1 0 0 1 0 3000 1 4 4 4
1 14 0 1 0 0 0 3000 3 3 3 4
1 15 1 1 1 0 0 365 1 4 4 3
1 16 0 1 0 0 0 3000 3 2 2 4
1 17 1 0 0 1 0 3000 1 4 4 2
1 18 1 1 1 0 0 399 1 2 2 4
1 19 0 1 0 0 0 3000 2 1 1 2
1 20 1 0 0 1 0 3000 1 2 2 1
1 21 0 1 0 0 0 3000 3 9 9 2
1 22 0 1 0 0 0 3000 3 7 7 9
1 23 1 1 1 0 0 666 1 9 9 7
1 24 1 0 0 1 0 3000 1 7 7 9
1 25 0 1 0 0 0 3000 3 1 1 7
2 1 0 1 0 0 0 3000 3 2 2 1
2 2 0 1 0 0 0 3000 2 9 9 2
2 3 0 1 0 0 0 3000 2 1 1 9
2 4 1 1 1 0 0 749 1 9 9 1
2 5 1 1 1 0 0 508 1 1 1 9
2 6 0 1 0 0 0 3000 2 6 6 1
2 7 0 1 0 0 0 3000 2 11 11 6
2 8 0 1 0 0 0 3000 2 11 11 11
2 9 1 1 1 0 0 378 1 11 11 11
2 10 0 1 0 0 0 3000 2 13 13 11
2 11 1 1 1 0 0 439 1 11 11 13
2 12 0 1 0 0 0 3000 2 10 10 11
2 13 0 1 0 0 0 3000 2 1 1 10
2 14 0 1 0 0 0 3000 2 4 4 1
2 15 0 1 0 0 0 3000 3 10 10 4
2 16 0 1 0 0 0 3000 3 12 12 10
2 17 0 1 0 0 0 3000 2 6 6 12
2 18 1 1 1 0 0 650 1 12 12 6
2 19 0 1 0 0 0 3000 3 9 9 12
2 20 0 1 0 0 0 3000 2 3 3 9
2 21 0 1 0 0 0 3000 3 12 12 3
2 22 0 1 0 0 0 3000 3 15 15 12
2 23 1 1 1 0 0 412 1 12 12 15
2 24 0 0 0 0 1 1109 3 3 3 12
2 25 1 0 0 1 0 3000 1 12 12 3
3 1 0 1 0 0 0 3000 3 5 5 12
3 2 0 1 0 0 0 3000 2 8 8 5
3 3 0 1 0 0 0 3000 2 2 2 8
3 4 1 1 1 0 0 447 1 8 8 2
3 5 1 1 1 0 0 559 1 2 2 8
3 6 0 1 0 0 0 3000 2 4 4 2
3 7 0 1 0 0 0 3000 2 7 7 4
3 8 0 1 0 0 0 3000 2 10 10 7
3 9 1 1 1 0 0 556 1 7 7 10
3 10 0 1 0 0 0 3000 2 5 5 7
3 11 0 1 0 0 0 3000 3 4 4 5
3 12 0 1 0 0 0 3000 3 7 7 4
3 13 0 1 0 0 0 3000 2 5 5 7
3 14 0 1 0 0 0 3000 2 10 10 5
3 15 1 1 1 0 0 1767 1 5 5 10
3 16 0 1 0 0 0 3000 3 11 11 5
3 17 0 1 0 0 0 3000 2 1 1 11
3 18 0 1 0 0 0 3000 2 15 15 1
3 19 1 1 1 0 0 752 1 1 1 15
3 20 0 1 0 0 0 3000 2 4 4 1
3 21 0 1 0 0 0 3000 3 5 5 4
3 22 1 1 1 0 0 518 1 4 4 5
3 23 0 1 0 0 0 3000 3 15 15 4
3 24 1 1 1 0 0 1324 1 4 4 15
3 25 1 1 1 0 0 750 1 15 15 4
4 1 0 1 0 0 0 3000 2 2 2 15
4 2 0 1 0 0 0 3000 2 8 8 2
4 3 0 1 0 0 0 3000 2 10 10 8
4 4 0 1 0 0 0 3000 2 6 6 10
4 5 0 1 0 0 0 3000 3 5 5 6
4 6 1 1 1 0 0 1416 1 6 6 5
4 7 0 1 0 0 0 3000 2 7 7 6
4 8 1 1 1 0 0 966 1 6 6 7
4 9 0 1 0 0 0 3000 2 2 2 6
4 10 0 1 0 0 0 3000 2 10 10 2
4 11 0 1 0 0 0 3000 3 12 12 10
4 12 0 1 0 0 0 3000 2 12 12 12
4 13 0 1 0 0 0 3000 2 11 11 12
4 14 0 1 0 0 0 3000 3 15 15 11
4 15 1 1 1 0 0 1415 1 11 11 15
4 16 0 1 0 0 0 3000 3 12 12 11
4 17 0 1 0 0 0 3000 3 13 13 12
4 18 0 1 0 0 0 3000 3 2 2 13
4 19 0 1 0 0 0 3000 2 2 2 2
4 20 0 1 0 0 0 3000 3 11 11 2
4 21 0 1 0 0 0 3000 2 12 12 11
4 22 0 1 0 0 0 3000 3 7 7 12
4 23 1 1 1 0 0 2261 1 12 12 7
4 24 0 1 0 0 0 3000 2 5 5 12
4 25 0 1 0 0 0 3000 2 13 13 5
5 1 0 1 0 0 0 3000 3 13 13 13
5 2 0 1 0 0 0 3000 3 14 14 13
5 3 0 1 0 0 0 3000 3 9 9 14
5 4 0 1 0 0 0 3000 2 2 2 9
5 5 1 1 1 0 0 658 1 9 9 2
5 6 0 1 0 0 0 3000 3 5 5 9
5 7 0 1 0 0 0 3000 3 6 6 5
5 8 0 1 0 0 0 3000 3 4 4 6
5 9 0 1 0 0 0 3000 2 1 1 4
5 10 0 1 0 0 0 3000 2 14 14 1
5 11 0 1 0 0 0 3000 2 14 14 14
5 12 0 1 0 0 0 3000 2 2 2 14
5 13 0 1 0 0 0 3000 3 7 7 2
5 14 1 1 1 0 0 1410 1 2 2 7
5 15 0 1 0 0 0 3000 3 10 10 2
5 16 0 1 0 0 0 3000 2 11 11 10
5 17 1 1 1 0 0 567 1 10 10 11
5 18 1 1 1 0 0 2224 1 11 11 10
5 19 0 1 0 0 0 3000 3 2 2 11
5 20 0 1 0 0 0 3000 2 14 14 2
5 21 0 1 0 0 0 3000 2 12 12 14
5 22 0 1 0 0 0 3000 3 8 8 12
5 23 0 1 0 0 0 3000 2 9 9 8
5 24 1 1 1 0 0 477 1 8 8 9
5 25 1 1 1 0 0 1076 1 9 9 8
