1 1 0 1 0 0 0 3000 2 12 12 0
1 2 0 1 0 0 0 3000 3 11 11 12
1 3 1 1 1 0 0 478 1 12 12 11
1 4 0 1 0 0 0 3000 3 10 10 12
1 5 0 1 0 0 0 3000 3 14 14 10
1 6 0 1 0 0 0 3000 3 2 2 14
1 7 0 1 0 0 0 3000 3 15 15 2
1 8 1 1 1 0 0 622 1 2 2 15
1 9 1 0 0 1 0 3000 1 15 15 2
1 10 1 0 0 1 0 3000 1 2 2 15
1 11 1 1 1 0 0 627 1 15 15 2
1 12 1 0 0 1 0 3000 1 2 2 15
1 13 0 1 0 0 0 3000 3 7 7 2
1 14 1 1 1 0 0 481 1 2 2 7
1 15 0 1 0 0 0 3000 2 11 11 2
1 16 1 0 0 1 0 3000 1 2 2 11
1 17 0 1 0 0 0 3000 3 15 15 2
1 18 1 1 1 0 0 466 1 2 2 15
1 19 1 0 0 1 0 3000 1 15 15 2
1 20 0 1 0 0 0 3000 3 4 4 15
1 21 0 1 0 0 0 3000 2 7 7 4
1 22 0 1 0 0 0 3000 2 3 3 7
1 23 0 1 0 0 0 3000 3 15 15 3
1 24 1 1 1 0 0 617 1 3 3 15
1 25 0 1 0 0 0 3000 2 8 8 3
2 1 0 1 0 0 0 3000 1 5 5 8
2 2 0 1 0 0 0 3000 2 10 10 5
2 3 0 1 0 0 0 3000 3 12 12 10
2 4 1 1 1 0 0 427 1 10 10 12
2 5 0 1 0 0 0 3000 2 1 1 10
2 6 0 1 0 0 0 3000 2 8 8 1
2 7 0 1 0 0 0 3000 3 15 15 8
2 8 0 1 0 0 0 3000 3 15 15 15
2 9 1 1 1 0 0 808 1 15 15 15
2 10 0 1 0 0 0 3000 3 14 14 15
2 11 0 1 0 0 0 3000 2 8 8 14
2 12 1 1 1 0 0 547 1 14 14 8
2 13 1 1 1 0 0 788 1 8 8 14
2 14 0 1 0 0 0 3000 3 13 13 8
2 15 0 1 0 0 0 3000 3 6 6 13
2 16 1 1 1 0 0 389 1 13 13 6
2 17 0 1 0 0 0 3000 2 15 15 13
2 18 1 1 1 0 0 429 1 13 13 15
2 19 0 1 0 0 0 3000 3 1 1 13
2 20 0 1 0 0 0 3000 2 9 9 1
2 21 1 1 1 0 0 389 1 1 1 9
2 22 0 1 0 0 0 3000 3 1 1 1
2 23 0 0 0 0 1 496 3 9 9 1
2 24 0 1 0 0 0 3000 3 15 15 9
2 25 0 1 0 0 0 3000 3 4 4 15
3 1 0 1 0 0 0 3000 1 1 1 4
3 2 0 1 0 0 0 3000 1 5 5 1
3 3 0 1 0 0 0 3000 2 12 12 5
3 4 0 1 0 0 0 3000 3 14 14 12
3 5 0 1 0 0 0 3000 2 10 10 14
3 6 1 1 1 0 0 512 1 14 14 10
3 7 0 1 0 0 0 3000 3 12 12 14
3 8 1 1 1 0 0 492 1 14 14 12
3 9 0 1 0 0 0 3000 2 3 3 14
3 10 0 1 0 0 0 3000 3 9 9 3
3 11 0 1 0 0 0 3000 2 8 8 9
3 12 0 1 0 0 0 3000 3 2 2 8
3 13 0 1 0 0 0 3000 2 5 5 2
3 14 0 1 0 0 0 3000 2 5 5 5
3 15 0 1 0 0 0 3000 2 11 11 5
3 16 1 1 1 0 0 424 1 5 5 11
3 17 0 1 0 0 0 3000 3 7 7 5
3 18 1 1 1 0 0 358 1 5 5 7
3 19 0 1 0 0 0 3000 3 15 15 5
3 20 1 1 1 0 0 397 1 5 5 15
3 21 0 1 0 0 0 3000 2 12 12 5
3 22 1 1 1 0 0 402 1 5 5 12
3 23 0 1 0 0 0 3000 2 7 7 5
3 24 0 1 0 0 0 3000 2 6 6 7
3 25 0 1 0 0 0 3000 3 3 3 6
4 1 0 1 0 0 0 3000 3 4 4 3
4 2 0 1 0 0 0 3000 1 12 12 4
4 3 0 1 0 0 0 3000 3 3 3 12
4 4 1 1 1 0 0 482 1 12 12 3
4 5 0 1 0 0 0 3000 3 2 2 12
4 6 1 1 1 0 0 389 1 12 12 2
4 7 1 1 1 0 0 494 1 2 2 12
4 8 1 1 1 0 0 719 1 12 12 2
4 9 1 1 1 0 0 371 1 2 2 12
4 10 1 1 1 0 0 525 1 12 12 2
4 11 0 1 0 0 0 3000 3 10 10 12
4 12 0 1 0 0 0 3000 3 4 4 10
4 13 0 1 0 0 0 3000 2 5 5 4
4 14 0 1 0 0 0 3000 2 14 14 5
4 15 0 1 0 0 0 3000 3 11 11 14
4 16 0 1 0 0 0 3000 3 4 4 11
4 17 0 1 0 0 0 3000 3 13 13 4
4 18 0 1 0 0 0 3000 2 2 2 13
4 19 1 1 1 0 0 523 1 13 13 2
4 20 0 1 0 0 0 3000 3 12 12 13
4 21 0 1 0 0 0 3000 3 14 14 12
4 22 0 1 0 0 0 3000 2 10 10 14
4 23 0 1 0 0 0 3000 3 4 4 10
4 24 0 1 0 0 0 3000 3 15 15 4
4 25 0 1 0 0 0 3000 2 15 15 15
5 1 0 1 0 0 0 3000 2 2 2 15
5 2 0 1 0 0 0 3000 1 5 5 2
5 3 1 1 1 0 0 424 1 2 2 5
5 4 0 1 0 0 0 3000 3 15 15 2
5 5 1 1 1 0 0 328 1 2 2 15
5 6 1 1 1 0 0 351 1 15 15 2
5 7 0 1 0 0 0 3000 3 5 5 15
5 8 1 1 1 0 0 352 1 15 15 5
5 9 1 1 1 0 0 425 1 5 5 15
5 10 0 1 0 0 0 3000 2 9 9 5
5 11 1 1 1 0 0 317 1 5 5 9
5 12 1 1 1 0 0 555 1 9 9 5
5 13 1 1 1 0 0 642 1 5 5 9
5 14 0 1 0 0 0 3000 3 14 14 5
5 15 0 1 0 0 0 3000 3 15 15 14
5 16 0 1 0 0 0 3000 3 12 12 15
5 17 0 1 0 0 0 3000 3 7 7 12
5 18 0 1 0 0 0 3000 2 10 10 7
5 19 1 1 1 0 0 305 1 7 7 10
5 20 0 1 0 0 0 3000 2 13 13 7
5 21 0 1 0 0 0 3000 2 6 6 13
5 22 1 1 1 0 0 371 1 13 13 6
5 23 1 1 1 0 0 522 1 6 6 13
5 24 1 1 1 0 0 444 1 13 13 6
5 25 0 1 0 0 0 3000 3 5 5 13
