1 1 0 1 0 0 0 3000 2 4 4 0
1 2 0 1 0 0 0 3000 1 14 14 4
1 3 0 1 0 0 0 3000 3 11 11 14
1 4 1 0 0 1 0 3000 1 14 14 11
1 5 0 1 0 0 0 3000 2 9 9 14
1 6 0 1 0 0 0 3000 3 1 1 9
1 7 0 1 0 0 0 3000 3 11 11 1
1 8 1 0 0 1 0 3000 1 1 1 11
1 9 1 0 0 1 0 3000 1 11 11 1
1 10 0 1 0 0 0 3000 2 9 9 11
1 11 1 0 0 1 0 3000 1 11 11 9
1 12 0 1 0 0 0 3000 3 5 5 11
1 13 1 0 0 1 0 3000 1 11 11 5
1 14 0 1 0 0 0 3000 3 2 2 11
1 15 0 1 0 0 0 3000 3 5 5 2
1 16 0 1 0 0 0 3000 3 10 10 5
1 17 1 0 0 1 0 3000 1 5 5 10
1 18 0 1 0 0 0 3000 3 5 5 5
1 19 1 0 0 1 0 3000 1 5 5 5
1 20 1 0 0 1 0 3000 1 5 5 5
1 21 1 0 0 1 0 3000 1 5 5 5
1 22 0 1 0 0 0 3000 3 2 2 5
1 23 1 0 0 1 0 3000 1 5 5 2
1 24 0 1 0 0 0 3000 3 10 10 5
1 25 1 0 0 1 0 3000 1 5 5 10
2 1 0 1 0 0 0 3000 2 3 3 5
2 2 0 1 0 0 0 3000 3 9 9 3
2 3 0 1 0 0 0 3000 2 8 8 9
2 4 0 1 0 0 0 3000 2 10 10 8
2 5 0 1 0 0 0 3000 3 1 1 10
2 6 0 1 0 0 0 3000 2 13 13 1
2 7 1 1 1 0 0 442 1 1 1 13
2 8 1 1 1 0 0 1036 1 13 13 1
2 9 0 1 0 0 0 3000 2 5 5 13
2 10 0 1 0 0 0 3000 3 6 6 5
2 11 0 1 0 0 0 3000 3 7 7 6
2 12 1 1 1 0 0 373 1 6 6 7
2 13 0 1 0 0 0 3000 2 14 14 6
2 14 0 1 0 0 0 3000 3 8 8 14
2 15 0 1 0 0 0 3000 2 3 3 8
2 16 0 1 0 0 0 3000 3 13 13 3
2 17 0 1 0 0 0 3000 2 8 8 13
2 18 0 1 0 0 0 3000 3 12 12 8
2 19 1 1 1 0 0 557 1 8 8 12
2 20 0 1 0 0 0 3000 2 6 6 8
2 21 0 1 0 0 0 3000 2 2 2 6
2 22 1 1 1 0 0 388 1 6 6 2
2 23 0 1 0 0 0 3000 3 9 9 6
2 24 1 1 1 0 0 536 1 6 6 9
2 25 0 1 0 0 0 3000 3 1 1 6
3 1 0 1 0 0 0 3000 1 8 8 1
3 2 0 1 0 0 0 3000 1 4 4 8
3 3 0 1 0 0 0 3000 3 15 15 4
3 4 1 1 1 0 0 370 1 4 4 15
3 5 0 1 0 0 0 3000 3 13 13 4
3 6 1 1 1 0 0 383 1 4 4 13
3 7 1 1 1 0 0 440 1 13 13 4
3 8 0 1 0 0 0 3000 3 6 6 13
3 9 1 1 1 0 0 430 1 13 13 6
3 10 0 1 0 0 0 3000 2 9 9 13
3 11 0 1 0 0 0 3000 2 12 12 9
3 12 1 1 1 0 0 472 1 9 9 12
3 13 1 1 1 0 0 417 1 12 12 9
3 14 0 1 0 0 0 3000 2 7 7 12
3 15 0 1 0 0 0 3000 3 11 11 7
3 16 0 1 0 0 0 3000 3 2 2 11
3 17 1 1 1 0 0 371 1 11 11 2
3 18 0 1 0 0 0 3000 3 11 11 11
3 19 1 1 1 0 0 393 1 11 11 11
3 20 0 1 0 0 0 3000 3 14 14 11
3 21 0 1 0 0 0 3000 2 7 7 14
3 22 1 1 1 0 0 364 1 14 14 7
3 23 0 1 0 0 0 3000 3 15 15 14
3 24 0 1 0 0 0 3000 3 5 5 15
3 25 0 1 0 0 0 3000 2 5 5 5
4 1 0 1 0 0 0 3000 2 8 8 5
4 2 0 1 0 0 0 3000 2 13 13 8
4 3 1 1 1 0 0 652 1 8 8 13
4 4 1 1 1 0 0 530 1 13 13 8
4 5 0 1 0 0 0 3000 3 5 5 13
4 6 0 1 0 0 0 3000 3 9 9 5
4 7 0 1 0 0 0 3000 2 14 14 9
4 8 0 1 0 0 0 3000 2 1 1 14
4 9 1 1 1 0 0 309 1 14 14 1
4 10 1 1 1 0 0 408 1 1 1 14
4 11 0 1 0 0 0 3000 3 10 10 1
4 12 0 1 0 0 0 3000 2 14 14 10
4 13 1 1 1 0 0 343 1 10 10 14
4 14 0 1 0 0 0 3000 2 6 6 10
4 15 0 1 0 0 0 3000 3 3 3 6
4 16 1 1 1 0 0 505 1 6 6 3
4 17 1 1 1 0 0 459 1 3 3 6
4 18 0 1 0 0 0 3000 2 3 3 3
4 19 1 1 1 0 0 426 1 3 3 3
4 20 1 0 0 1 0 3000 1 3 3 3
4 21 0 1 0 0 0 3000 2 1 1 3
4 22 0 1 0 0 0 3000 3 5 5 1
4 23 0 1 0 0 0 3000 3 10 10 5
4 24 0 1 0 0 0 3000 2 9 9 10
4 25 1 1 1 0 0 324 1 10 10 9
5 1 0 1 0 0 0 3000 3 5 5 10
5 2 0 1 0 0 0 3000 3 3 3 5
5 3 1 1 1 0 0 376 1 5 5 3
5 4 0 1 0 0 0 3000 2 11 11 5
5 5 0 1 0 0 0 3000 2 1 1 11
5 6 0 1 0 0 0 3000 3 3 3 1
5 7 0 0 0 0 1 596 3 9 9 3
5 8 0 1 0 0 0 3000 2 5 5 9
5 9 0 0 0 0 1 466 3 11 11 5
5 10 1 0 0 1 0 3000 1 5 5 11
5 11 1 1 1 0 0 356 1 11 11 5
5 12 0 1 0 0 0 3000 3 12 12 11
5 13 0 1 0 0 0 3000 3 9 9 12
5 14 0 1 0 0 0 3000 2 6 6 9
5 15 0 1 0 0 0 3000 2 7 7 6
5 16 0 1 0 0 0 3000 3 15 15 7
5 17 1 1 1 0 0 365 1 7 7 15
5 18 0 1 0 0 0 3000 2 10 10 7
5 19 0 1 0 0 0 3000 2 5 5 10
5 20 0 1 0 0 0 3000 3 13 13 5
5 21 1 1 1 0 0 647 1 5 5 13
5 22 1 1 1 0 0 550 1 13 13 5
5 23 1 1 1 0 0 854 1 5 5 13
5 24 0 1 0 0 0 3000 3 12 12 5
5 25 1 1 1 0 0 356 1 5 5 12
