1 1 0 1 0 0 0 3000 1 14 14 0
1 2 0 1 0 0 0 3000 2 6 6 14
1 3 0 1 0 0 0 3000 2 11 11 6
1 4 0 1 0 0 0 3000 2 2 2 11
1 5 1 1 1 0 0 317 1 11 11 2
1 6 0 1 0 0 0 3000 2 6 6 11
1 7 1 1 1 0 0 1439 1 11 11 6
1 8 1 1 1 0 0 2591 1 6 6 11
1 9 0 1 0 0 0 3000 3 2 2 6
1 10 0 1 0 0 0 3000 2 11 11 2
1 11 0 1 0 0 0 3000 2 11 11 11
1 12 1 1 1 0 0 396 1 11 11 11
1 13 0 1 0 0 0 3000 3 8 8 11
1 14 0 1 0 0 0 3000 2 3 3 8
1 15 1 1 1 0 0 456 1 8 8 3
1 16 0 1 0 0 0 3000 2 14 14 8
1 17 0 1 0 0 0 3000 2 6 6 14
1 18 0 1 0 0 0 3000 2 13 13 6
1 19 1 1 1 0 0 2252 1 6 6 13
1 20 0 1 0 0 0 3000 2 14 14 6
1 21 0 1 0 0 0 3000 2 15 15 14
1 22 0 1 0 0 0 3000 2 2 2 15
1 23 0 1 0 0 0 3000 3 7 7 2
1 24 0 0 0 0 1 783 2 15 15 7
1 25 0 1 0 0 0 3000 2 4 4 15
2 1 0 1 0 0 0 3000 1 7 7 4
2 2 0 1 0 0 0 3000 1 8 8 7
2 3 0 1 0 0 0 3000 3 3 3 8
2 4 0 1 0 0 0 3000 2 2 2 3
2 5 0 1 0 0 0 3000 2 15 15 2
2 6 0 1 0 0 0 3000 3 8 8 15
2 7 0 1 0 0 0 3000 3 5 5 8
2 8 1 1 1 0 0 408 1 8 8 5
2 9 0 1 0 0 0 3000 3 6 6 8
2 10 0 1 0 0 0 3000 3 10 10 6
2 11 1 1 1 0 0 521 1 6 6 10
2 12 1 1 1 0 0 2258 1 10 10 6
2 13 0 1 0 0 0 3000 3 4 4 10
2 14 0 1 0 0 0 3000 3 7 7 4
2 15 0 1 0 0 0 3000 3 5 5 7
2 16 0 1 0 0 0 3000 3 5 5 5
2 17 0 0 0 0 1 466 3 7 7 5
2 18 0 1 0 0 0 3000 2 4 4 7
2 19 0 1 0 0 0 3000 2 15 15 4
2 20 0 1 0 0 0 3000 3 2 2 15
2 21 0 1 0 0 0 3000 3 7 7 2
2 22 0 1 0 0 0 3000 2 10 10 7
2 23 1 0 0 1 0 3000 1 7 7 10
2 24 1 1 1 0 0 677 1 10 10 7
2 25 1 0 0 1 0 3000 1 7 7 10
3 1 0 1 0 0 0 3000 3 11 11 7
3 2 0 1 0 0 0 3000 3 15 15 11
3 3 1 1 1 0 0 409 1 11 11 15
3 4 0 1 0 0 0 3000 3 1 1 11
3 5 1 0 0 1 0 3000 1 11 11 1
3 6 1 1 1 0 0 1021 1 1 1 11
3 7 0 1 0 0 0 3000 3 1 1 1
3 8 0 1 0 0 0 3000 3 12 12 1
3 9 1 1 1 0 0 434 1 1 1 12
3 10 0 1 0 0 0 3000 3 9 9 1
3 11 0 1 0 0 0 3000 2 14 14 9
3 12 0 1 0 0 0 3000 2 12 12 14
3 13 0 1 0 0 0 3000 3 5 5 12
3 14 1 1 1 0 0 405 1 12 12 5
3 15 1 1 1 0 0 1685 1 5 5 12
3 16 0 1 0 0 0 3000 2 10 10 5
3 17 1 1 1 0 0 530 1 5 5 10
3 18 1 1 1 0 0 1285 1 10 10 5
3 19 0 1 0 0 0 3000 2 3 3 10
3 20 0 1 0 0 0 3000 3 12 12 3
3 21 0 1 0 0 0 3000 3 8 8 12
3 22 1 1 1 0 0 439 1 12 12 8
3 23 0 1 0 0 0 3000 2 1 1 12
3 24 0 1 0 0 0 3000 2 2 2 1
3 25 1 1 1 0 0 364 1 1 1 2
4 1 0 1 0 0 0 3000 2 6 6 1
4 2 0 1 0 0 0 3000 1 12 12 6
4 3 1 1 1 0 0 340 1 6 6 12
4 4 1 0 0 1 0 3000 1 12 12 6
4 5 0 1 0 0 0 3000 2 9 9 12
4 6 0 1 0 0 0 3000 2 1 1 9
4 7 0 1 0 0 0 3000 3 14 14 1
4 8 1 1 1 0 0 595 1 1 1 14
4 9 0 1 0 0 0 3000 3 10 10 1
4 10 0 0 0 0 1 554 3 10 10 10
4 11 0 1 0 0 0 3000 3 11 11 10
4 12 0 1 0 0 0 3000 3 8 8 11
4 13 1 1 1 0 0 750 1 11 11 8
4 14 1 1 1 0 0 767 1 8 8 11
4 15 1 1 1 0 0 990 1 11 11 8
4 16 0 1 0 0 0 3000 3 13 13 11
4 17 0 1 0 0 0 3000 3 5 5 13
4 18 1 1 1 0 0 394 1 13 13 5
4 19 1 0 0 1 0 3000 1 5 5 13
4 20 0 1 0 0 0 3000 3 6 6 5
4 21 0 1 0 0 0 3000 2 12 12 6
4 22 0 1 0 0 0 3000 2 8 8 12
4 23 1 0 0 1 0 3000 1 12 12 8
4 24 1 1 1 0 0 514 1 8 8 12
4 25 1 0 0 1 0 3000 1 12 12 8
5 1 0 1 0 0 0 3000 3 5 5 12
5 2 0 1 0 0 0 3000 2 13 13 5
5 3 0 1 0 0 0 3000 3 12 12 13
5 4 0 1 0 0 0 3000 2 4 4 12
5 5 0 0 0 0 1 511 3 5 5 4
5 6 0 1 0 0 0 3000 2 2 2 5
5 7 0 1 0 0 0 3000 2 11 11 2
5 8 0 1 0 0 0 3000 3 5 5 11
5 9 0 1 0 0 0 3000 3 9 9 5
5 10 0 1 0 0 0 3000 3 13 13 9
5 11 0 1 0 0 0 3000 2 2 2 13
5 12 1 1 1 0 0 832 1 13 13 2
5 13 0 1 0 0 0 3000 3 14 14 13
5 14 0 1 0 0 0 3000 3 14 14 14
5 15 0 1 0 0 0 3000 2 10 10 14
5 16 0 1 0 0 0 3000 3 11 11 10
5 17 0 1 0 0 0 3000 2 14 14 11
5 18 0 1 0 0 0 3000 2 14 14 14
5 19 0 1 0 0 0 3000 2 3 3 14
5 20 1 1 1 0 0 365 1 14 14 3
5 21 1 1 1 0 0 862 1 3 3 14
5 22 0 1 0 0 0 3000 3 10 10 3
5 23 0 1 0 0 0 3000 3 1 1 10
5 24 0 1 0 0 0 3000 2 13 13 1
5 25 1 1 1 0 0 1168 1 1 1 13
