1 1 0 1 0 0 0 3000 3 4 4 0
1 2 0 1 0 0 0 3000 1 5 5 4
1 3 0 1 0 0 0 3000 2 3 3 5
1 4 0 1 0 0 0 3000 3 8 8 3
1 5 0 1 0 0 0 3000 2 4 4 8
1 6 1 0 0 1 0 3000 1 8 8 4
1 7 0 1 0 0 0 3000 2 15 15 8
1 8 0 1 0 0 0 3000 2 13 13 15
1 9 1 1 1 0 0 390 1 15 15 13
1 10 0 1 0 0 0 3000 3 14 14 15
1 11 0 1 0 0 0 3000 3 2 2 14
1 12 0 1 0 0 0 3000 2 7 7 2
1 13 1 1 1 0 0 403 1 2 2 7
1 14 1 1 1 0 0 610 1 7 7 2
1 15 1 1 1 0 0 928 1 2 2 7
1 16 1 1 1 0 0 462 1 7 7 2
1 17 1 1 1 0 0 398 1 2 2 7
1 18 1 1 1 0 0 325 1 7 7 2
1 19 0 1 0 0 0 3000 2 8 8 7
1 20 0 1 0 0 0 3000 2 14 14 8
1 21 0 1 0 0 0 3000 2 10 10 14
1 22 0 1 0 0 0 3000 2 9 9 10
1 23 0 1 0 0 0 3000 2 8 8 9
1 24 0 1 0 0 0 3000 3 7 7 8
1 25 0 1 0 0 0 3000 3 3 3 7
2 1 0 1 0 0 0 3000 1 14 14 3
2 2 0 0 0 0 1 847 1 14 14 14
2 3 0 1 0 0 0 3000 2 12 12 14
2 4 1 1 1 0 0 414 1 14 14 12
2 5 1 1 1 0 0 762 1 12 12 14
2 6 0 1 0 0 0 3000 2 8 8 12
2 7 0 1 0 0 0 3000 3 8 8 8
2 8 0 1 0 0 0 3000 2 3 3 8
2 9 0 1 0 0 0 3000 2 13 13 3
2 10 0 1 0 0 0 3000 3 13 13 13
2 11 1 1 1 0 0 364 1 13 13 13
2 12 0 1 0 0 0 3000 2 9 9 13
2 13 1 1 1 0 0 449 1 13 13 9
2 14 0 1 0 0 0 3000 2 7 7 13
2 15 0 1 0 0 0 3000 2 1 1 7
2 16 0 1 0 0 0 3000 3 10 10 1
2 17 0 1 0 0 0 3000 2 13 13 10
2 18 0 1 0 0 0 3000 3 4 4 13
2 19 0 1 0 0 0 3000 3 6 6 4
2 20 0 1 0 0 0 3000 3 8 8 6
2 21 0 1 0 0 0 3000 3 10 10 8
2 22 0 1 0 0 0 3000 2 10 10 10
2 23 0 1 0 0 0 3000 3 15 15 10
2 24 0 1 0 0 0 3000 2 13 13 15
2 25 0 1 0 0 0 3000 3 1 1 13
3 1 0 1 0 0 0 3000 1 10 10 1
3 2 0 1 0 0 0 3000 3 11 11 10
3 3 0 1 0 0 0 3000 2 4 4 11
3 4 0 1 0 0 0 3000 3 14 14 4
3 5 0 1 0 0 0 3000 2 5 5 14
3 6 0 1 0 0 0 3000 3 10 10 5
3 7 0 1 0 0 0 3000 2 3 3 10
3 8 0 1 0 0 0 3000 3 4 4 3
3 9 1 1 1 0 0 761 1 3 3 4
3 10 0 1 0 0 0 3000 2 14 14 3
3 11 0 1 0 0 0 3000 3 9 9 14
3 12 0 1 0 0 0 3000 2 13 13 9
3 13 0 1 0 0 0 3000 2 11 11 13
3 14 0 1 0 0 0 3000 3 10 10 11
3 15 1 1 1 0 0 370 1 11 11 10
3 16 0 1 0 0 0 3000 3 4 4 11
3 17 1 1 1 0 0 494 1 11 11 4
3 18 0 1 0 0 0 3000 2 14 14 11
3 19 0 1 0 0 0 3000 3 3 3 14
3 20 1 1 1 0 0 442 1 14 14 3
3 21 1 1 1 0 0 388 1 3 3 14
3 22 0 1 0 0 0 3000 3 6 6 3
3 23 0 1 0 0 0 3000 2 1 1 6
3 24 1 1 1 0 0 373 1 6 6 1
3 25 0 1 0 0 0 3000 2 2 2 6
4 1 0 1 0 0 0 3000 1 15 15 2
4 2 0 1 0 0 0 3000 2 6 6 15
4 3 0 1 0 0 0 3000 3 2 2 6
4 4 1 1 1 0 0 351 1 6 6 2
4 5 0 1 0 0 0 3000 2 11 11 6
4 6 1 1 1 0 0 661 1 6 6 11
4 7 0 1 0 0 0 3000 2 1 1 6
4 8 0 1 0 0 0 3000 3 10 10 1
4 9 0 1 0 0 0 3000 3 7 7 10
4 10 0 1 0 0 0 3000 2 4 4 7
4 11 0 1 0 0 0 3000 3 13 13 4
4 12 1 1 1 0 0 382 1 4 4 13
4 13 1 1 1 0 0 413 1 13 13 4
4 14 1 1 1 0 0 731 1 4 4 13
4 15 1 1 1 0 0 342 1 13 13 4
4 16 0 1 0 0 0 3000 3 14 14 13
4 17 0 1 0 0 0 3000 2 6 6 14
4 18 1 1 1 0 0 399 1 14 14 6
4 19 0 1 0 0 0 3000 2 11 11 14
4 20 0 1 0 0 0 3000 2 2 2 11
4 21 1 1 1 0 0 346 1 11 11 2
4 22 0 1 0 0 0 3000 3 8 8 11
4 23 1 1 1 0 0 384 1 11 11 8
4 24 0 1 0 0 0 3000 2 3 3 11
4 25 1 1 1 0 0 316 1 11 11 3
5 1 0 1 0 0 0 3000 3 14 14 11
5 2 0 1 0 0 0 3000 3 1 1 14
5 3 0 1 0 0 0 3000 3 4 4 1
5 4 0 1 0 0 0 3000 3 13 13 4
5 5 0 1 0 0 0 3000 2 13 13 13
5 6 1 1 1 0 0 392 1 13 13 13
5 7 1 1 1 0 0 384 1 13 13 13
5 8 1 1 1 0 0 408 1 13 13 13
5 9 0 1 0 0 0 3000 2 3 3 13
5 10 0 1 0 0 0 3000 2 9 9 3
5 11 0 1 0 0 0 3000 2 10 10 9
5 12 0 1 0 0 0 3000 3 5 5 10
5 13 0 1 0 0 0 3000 2 4 4 5
5 14 0 1 0 0 0 3000 3 8 8 4
5 15 0 1 0 0 0 3000 3 13 13 8
5 16 0 1 0 0 0 3000 3 3 3 13
5 17 1 1 1 0 0 362 1 13 13 3
5 18 0 1 0 0 0 3000 2 6 6 13
5 19 0 1 0 0 0 3000 3 2 2 6
5 20 0 1 0 0 0 3000 2 4 4 2
5 21 1 1 1 0 0 637 1 2 2 4
5 22 1 1 1 0 0 359 1 4 4 2
5 23 0 1 0 0 0 3000 2 15 15 4
5 24 0 1 0 0 0 3000 2 14 14 15
5 25 0 1 0 0 0 3000 2 7 7 14
