1 1 0 1 0 0 0 3000 3 14 14 0
1 2 0 1 0 0 0 3000 1 15 15 14
1 3 0 1 0 0 0 3000 2 15 15 15
1 4 1 1 1 0 0 2368 1 15 15 15
1 5 0 1 0 0 0 3000 2 8 8 15
1 6 0 1 0 0 0 3000 2 6 6 8
1 7 0 1 0 0 0 3000 2 9 9 6
1 8 0 1 0 0 0 3000 3 11 11 9
1 9 1 1 1 0 0 2339 1 9 9 11
1 10 0 1 0 0 0 3000 3 14 14 9
1 11 0 1 0 0 0 3000 3 6 6 14
1 12 0 1 0 0 0 3000 3 9 9 6
1 13 0 1 0 0 0 3000 2 10 10 9
1 14 1 1 1 0 0 408 1 9 9 10
1 15 0 1 0 0 0 3000 3 1 1 9
1 16 0 1 0 0 0 3000 2 12 12 1
1 17 0 1 0 0 0 3000 2 2 2 12
1 18 0 1 0 0 0 3000 2 9 9 2
1 19 1 1 1 0 0 586 1 2 2 9
1 20 0 1 0 0 0 3000 2 12 12 2
1 21 1 0 0 1 0 3000 1 2 2 12
1 22 1 1 1 0 0 438 1 12 12 2
1 23 1 0 0 1 0 3000 1 2 2 12
1 24 0 1 0 0 0 3000 2 5 5 2
1 25 0 1 0 0 0 3000 2 3 3 5
2 1 0 1 0 0 0 3000 1 1 1 3
2 2 0 1 0 0 0 3000 3 1 1 1
2 3 0 1 0 0 0 3000 2 7 7 1
2 4 0 1 0 0 0 3000 3 14 14 7
2 5 1 1 1 0 0 386 1 7 7 14
2 6 1 1 1 0 0 671 1 14 14 7
2 7 0 0 0 0 1 470 3 5 5 14
2 8 1 1 1 0 0 795 1 14 14 5
2 9 0 1 0 0 0 3000 2 8 8 14
2 10 0 1 0 0 0 3000 3 4 4 8
2 11 0 1 0 0 0 3000 3 7 7 4
2 12 0 1 0 0 0 3000 2 1 1 7
2 13 1 1 1 0 0 396 1 7 7 1
2 14 0 1 0 0 0 3000 2 2 2 7
2 15 1 1 1 0 0 1209 1 7 7 2
2 16 0 1 0 0 0 3000 3 10 10 7
2 17 0 1 0 0 0 3000 2 11 11 10
2 18 1 1 1 0 0 288 1 10 10 11
2 19 0 1 0 0 0 3000 2 5 5 10
2 20 1 1 1 0 0 601 1 10 10 5
2 21 0 1 0 0 0 3000 3 3 3 10
2 22 1 1 1 0 0 576 1 10 10 3
2 23 0 1 0 0 0 3000 2 15 15 10
2 24 0 1 0 0 0 3000 3 2 2 15
2 25 0 1 0 0 0 3000 2 14 14 2
3 1 0 1 0 0 0 3000 1 3 3 14
3 2 0 1 0 0 0 3000 1 11 11 3
3 3 1 1 1 0 0 447 1 3 3 11
3 4 0 1 0 0 0 3000 3 7 7 3
3 5 1 1 1 0 0 829 1 3 3 7
3 6 0 1 0 0 0 3000 3 2 2 3
3 7 1 1 1 0 0 356 1 3 3 2
3 8 0 1 0 0 0 3000 2 4 4 3
3 9 1 0 0 1 0 3000 1 3 3 4
3 10 0 1 0 0 0 3000 3 1 1 3
3 11 0 1 0 0 0 3000 3 12 12 1
3 12 1 1 1 0 0 504 1 1 1 12
3 13 0 1 0 0 0 3000 2 5 5 1
3 14 1 1 1 0 0 537 1 1 1 5
3 15 0 1 0 0 0 3000 2 3 3 1
3 16 0 1 0 0 0 3000 2 13 13 3
3 17 1 1 1 0 0 309 1 3 3 13
3 18 1 0 0 1 0 3000 1 13 13 3
3 19 0 1 0 0 0 3000 2 2 2 13
3 20 1 1 1 0 0 502 1 13 13 2
3 21 1 1 1 0 0 582 1 2 2 13
3 22 0 1 0 0 0 3000 3 8 8 2
3 23 1 0 0 1 0 3000 1 2 2 8
3 24 0 1 0 0 0 3000 2 12 12 2
3 25 1 1 1 0 0 354 1 2 2 12
4 1 0 1 0 0 0 3000 2 8 8 2
4 2 0 1 0 0 0 3000 2 9 9 8
4 3 0 1 0 0 0 3000 2 15 15 9
4 4 0 1 0 0 0 3000 3 13 13 15
4 5 1 1 1 0 0 635 1 15 15 13
4 6 0 1 0 0 0 3000 3 14 14 15
4 7 0 1 0 0 0 3000 3 3 3 14
4 8 1 1 1 0 0 289 1 14 14 3
4 9 1 1 1 0 0 550 1 3 3 14
4 10 0 1 0 0 0 3000 3 5 5 3
4 11 0 1 0 0 0 3000 2 6 6 5
4 12 1 1 1 0 0 465 1 5 5 6
4 13 0 1 0 0 0 3000 3 15 15 5
4 14 0 1 0 0 0 3000 2 12 12 15
4 15 0 1 0 0 0 3000 2 13 13 12
4 16 0 0 0 0 1 447 3 1 1 13
4 17 0 1 0 0 0 3000 2 6 6 1
4 18 0 1 0 0 0 3000 2 4 4 6
4 19 0 1 0 0 0 3000 3 13 13 4
4 20 0 1 0 0 0 3000 2 14 14 13
4 21 0 1 0 0 0 3000 2 8 8 14
4 22 1 1 1 0 0 611 1 14 14 8
4 23 0 1 0 0 0 3000 2 2 2 14
4 24 0 0 0 0 1 577 2 2 2 2
4 25 0 1 0 0 0 3000 2 3 3 2
5 1 0 1 0 0 0 3000 1 4 4 3
5 2 0 1 0 0 0 3000 3 2 2 4
5 3 0 1 0 0 0 3000 3 14 14 2
5 4 0 1 0 0 0 3000 2 8 8 14
5 5 0 1 0 0 0 3000 2 13 13 8
5 6 0 1 0 0 0 3000 2 3 3 13
5 7 0 1 0 0 0 3000 2 9 9 3
5 8 0 1 0 0 0 3000 3 1 1 9
5 9 0 1 0 0 0 3000 2 6 6 1
5 10 0 1 0 0 0 3000 3 9 9 6
5 11 1 1 1 0 0 600 1 6 6 9
5 12 0 1 0 0 0 3000 3 2 2 6
5 13 1 1 1 0 0 342 1 6 6 2
5 14 0 1 0 0 0 3000 3 8 8 6
5 15 1 1 1 0 0 450 1 6 6 8
5 16 0 1 0 0 0 3000 2 11 11 6
5 17 0 1 0 0 0 3000 3 15 15 11
5 18 0 1 0 0 0 3000 3 6 6 15
5 19 0 1 0 0 0 3000 2 4 4 6
5 20 0 0 0 0 1 351 2 9 9 4
5 21 1 1 1 0 0 684 1 4 4 9
5 22 0 1 0 0 0 3000 3 14 14 4
5 23 1 1 1 0 0 483 1 4 4 14
5 24 0 1 0 0 0 3000 3 15 15 4
5 25 1 1 1 0 0 404 1 4 4 15
