1 1 0 1 0 0 0 3000 1 1 1 0
1 2 0 1 0 0 0 3000 2 11 11 1
1 3 0 1 0 0 0 3000 3 11 11 11
1 4 0 0 0 0 1 574 3 1 1 11
1 5 1 1 1 0 0 903 1 11 11 1
1 6 0 1 0 0 0 3000 3 8 8 11
1 7 0 1 0 0 0 3000 2 6 6 8
1 8 1 1 1 0 0 354 1 8 8 6
1 9 0 1 0 0 0 3000 2 1 1 8
1 10 0 1 0 0 0 3000 2 5 5 1
1 11 0 1 0 0 0 3000 2 5 5 5
1 12 1 1 1 0 0 420 1 5 5 5
1 13 1 1 1 0 0 774 1 5 5 5
1 14 0 1 0 0 0 3000 2 2 2 5
1 15 0 1 0 0 0 3000 3 15 15 2
1 16 0 1 0 0 0 3000 3 3 3 15
1 17 0 1 0 0 0 3000 2 4 4 3
1 18 1 1 1 0 0 312 1 3 3 4
1 19 0 1 0 0 0 3000 2 1 1 3
1 20 0 1 0 0 0 3000 3 5 5 1
1 21 1 1 1 0 0 458 1 1 1 5
1 22 0 1 0 0 0 3000 3 6 6 1
1 23 0 1 0 0 0 3000 2 13 13 6
1 24 1 1 1 0 0 369 1 6 6 13
1 25 0 1 0 0 0 3000 2 1 1 6
2 1 0 1 0 0 0 3000 2 11 11 1
2 2 0 1 0 0 0 3000 1 15 15 11
2 3 0 1 0 0 0 3000 3 10 10 15
2 4 0 1 0 0 0 3000 3 4 4 10
2 5 1 1 1 0 0 347 1 10 10 4
2 6 0 1 0 0 0 3000 3 2 2 10
2 7 0 1 0 0 0 3000 2 13 13 2
2 8 1 1 1 0 0 357 1 2 2 13
2 9 0 1 0 0 0 3000 2 14 14 2
2 10 1 1 1 0 0 554 1 2 2 14
2 11 0 1 0 0 0 3000 2 7 7 2
2 12 0 1 0 0 0 3000 3 6 6 7
2 13 1 1 1 0 0 432 1 7 7 6
2 14 0 1 0 0 0 3000 2 8 8 7
2 15 1 1 1 0 0 368 1 7 7 8
2 16 0 1 0 0 0 3000 2 3 3 7
2 17 1 1 1 0 0 378 1 7 7 3
2 18 0 1 0 0 0 3000 2 8 8 7
2 19 0 0 0 0 1 585 3 3 3 8
2 20 0 1 0 0 0 3000 2 15 15 3
2 21 1 1 1 0 0 334 1 3 3 15
2 22 0 1 0 0 0 3000 3 12 12 3
2 23 0 1 0 0 0 3000 3 8 8 12
2 24 1 1 1 0 0 387 1 12 12 8
2 25 0 1 0 0 0 3000 2 4 4 12
3 1 0 1 0 0 0 3000 1 8 8 4
3 2 0 1 0 0 0 3000 2 13 13 8
3 3 0 1 0 0 0 3000 3 9 9 13
3 4 0 1 0 0 0 3000 2 14 14 9
3 5 1 1 1 0 0 354 1 9 9 14
3 6 0 1 0 0 0 3000 3 12 12 9
3 7 0 1 0 0 0 3000 2 6 6 12
3 8 0 1 0 0 0 3000 2 6 6 6
3 9 0 1 0 0 0 3000 2 14 14 6
3 10 0 1 0 0 0 3000 3 7 7 14
3 11 0 1 0 0 0 3000 2 8 8 7
3 12 1 1 1 0 0 392 1 7 7 8
3 13 1 1 1 0 0 543 1 8 8 7
3 14 0 1 0 0 0 3000 3 8 8 8
3 15 0 1 0 0 0 3000 2 12 12 8
3 16 1 1 1 0 0 332 1 8 8 12
3 17 0 1 0 0 0 3000 2 3 3 8
3 18 0 0 0 0 1 599 3 12 12 3
3 19 0 1 0 0 0 3000 3 9 9 12
3 20 1 1 1 0 0 358 1 12 12 9
3 21 0 1 0 0 0 3000 2 10 10 12
3 22 0 1 0 0 0 3000 2 13 13 10
3 23 1 1 1 0 0 432 1 10 10 13
3 24 1 1 1 0 0 986 1 13 13 10
3 25 1 1 1 0 0 390 1 10 10 13
4 1 0 1 0 0 0 3000 3 11 11 10
4 2 0 1 0 0 0 3000 3 8 8 11
4 3 0 1 0 0 0 3000 3 6 6 8
4 4 1 1 1 0 0 343 1 8 8 6
4 5 1 1 1 0 0 490 1 6 6 8
4 6 0 1 0 0 0 3000 3 12 12 6
4 7 1 1 1 0 0 406 1 6 6 12
4 8 0 1 0 0 0 3000 2 2 2 6
4 9 1 1 1 0 0 325 1 6 6 2
4 10 0 1 0 0 0 3000 3 15 15 6
4 11 1 1 1 0 0 288 1 6 6 15
4 12 1 1 1 0 0 370 1 15 15 6
4 13 1 1 1 0 0 506 1 6 6 15
4 14 0 1 0 0 0 3000 2 5 5 6
4 15 0 1 0 0 0 3000 2 4 4 5
4 16 0 1 0 0 0 3000 2 3 3 4
4 17 0 1 0 0 0 3000 3 13 13 3
4 18 1 1 1 0 0 307 1 3 3 13
4 19 1 1 1 0 0 389 1 13 13 3
4 20 1 1 1 0 0 368 1 3 3 13
4 21 0 1 0 0 0 3000 2 1 1 3
4 22 1 1 1 0 0 356 1 3 3 1
4 23 0 1 0 0 0 3000 2 3 3 3
4 24 1 0 0 1 0 3000 1 3 3 3
4 25 1 1 1 0 0 319 1 3 3 3
5 1 0 1 0 0 0 3000 1 5 5 3
5 2 0 1 0 0 0 3000 3 9 9 5
5 3 1 1 1 0 0 360 1 5 5 9
5 4 0 1 0 0 0 3000 2 14 14 5
5 5 0 1 0 0 0 3000 2 6 6 14
5 6 0 1 0 0 0 3000 3 4 4 6
5 7 0 1 0 0 0 3000 2 2 2 4
5 8 0 1 0 0 0 3000 3 13 13 2
5 9 0 1 0 0 0 3000 3 1 1 13
5 10 1 1 1 0 0 327 1 13 13 1
5 11 1 1 1 0 0 473 1 1 1 13
5 12 0 1 0 0 0 3000 2 15 15 1
5 13 0 1 0 0 0 3000 2 6 6 15
5 14 0 1 0 0 0 3000 3 7 7 6
5 15 0 1 0 0 0 3000 3 8 8 7
5 16 0 1 0 0 0 3000 3 2 2 8
5 17 0 1 0 0 0 3000 2 13 13 2
5 18 0 1 0 0 0 3000 2 1 1 13
5 19 0 1 0 0 0 3000 2 9 9 1
5 20 0 1 0 0 0 3000 3 3 3 9
5 21 0 1 0 0 0 3000 3 7 7 3
5 22 0 1 0 0 0 3000 2 5 5 7
5 23 0 1 0 0 0 3000 2 13 13 5
5 24 0 1 0 0 0 3000 3 1 1 13
5 25 0 1 0 0 0 3000 2 8 8 1
