1 1 0 1 0 0 0 3000 2 9 9 0
1 2 0 1 0 0 0 3000 2 14 14 9
1 3 0 1 0 0 0 3000 3 14 14 14
1 4 1 1 1 0 0 771 1 14 14 14
1 5 0 1 0 0 0 3000 3 4 4 14
1 6 0 1 0 0 0 3000 3 9 9 4
1 7 0 1 0 0 0 3000 3 1 1 9
1 8 0 1 0 0 0 3000 3 15 15 1
1 9 1 1 1 0 0 541 1 1 1 15
1 10 1 0 0 1 0 3000 1 15 15 1
1 11 1 0 0 1 0 3000 1 1 1 15
1 12 1 1 1 0 0 699 1 15 15 1
1 13 1 0 0 1 0 3000 1 1 1 15
1 14 0 1 0 0 0 3000 2 14 14 1
1 15 0 1 0 0 0 3000 2 7 7 14
1 16 0 1 0 0 0 3000 2 15 15 7
1 17 1 1 1 0 0 1685 1 7 7 15
1 18 0 1 0 0 0 3000 3 12 12 7
1 19 0 1 0 0 0 3000 3 5 5 12
1 20 0 1 0 0 0 3000 3 9 9 5
1 21 1 1 1 0 0 444 1 5 5 9
1 22 0 1 0 0 0 3000 2 4 4 5
1 23 0 1 0 0 0 3000 2 7 7 4
1 24 1 1 1 0 0 520 1 4 4 7
1 25 0 1 0 0 0 3000 3 5 5 4
2 1 0 1 0 0 0 3000 3 7 7 5
2 2 0 1 0 0 0 3000 3 2 2 7
2 3 0 1 0 0 0 3000 2 13 13 2
2 4 0 1 0 0 0 3000 3 3 3 13
2 5 0 1 0 0 0 3000 2 10 10 3
2 6 0 1 0 0 0 3000 2 5 5 10
2 7 0 0 0 0 1 605 2 13 13 5
2 8 1 0 0 1 0 3000 1 5 5 13
2 9 1 1 1 0 0 731 1 13 13 5
2 10 0 1 0 0 0 3000 3 15 15 13
2 11 0 1 0 0 0 3000 2 11 11 15
2 12 0 1 0 0 0 3000 3 14 14 11
2 13 1 1 1 0 0 741 1 11 11 14
2 14 0 1 0 0 0 3000 2 8 8 11
2 15 1 1 1 0 0 689 1 11 11 8
2 16 0 1 0 0 0 3000 2 14 14 11
2 17 0 0 0 0 1 521 2 4 4 14
2 18 0 1 0 0 0 3000 3 2 2 4
2 19 1 1 1 0 0 474 1 4 4 2
2 20 0 1 0 0 0 3000 2 3 3 4
2 21 0 1 0 0 0 3000 3 1 1 3
2 22 1 1 1 0 0 720 1 3 3 1
2 23 0 1 0 0 0 3000 3 9 9 3
2 24 0 0 0 0 1 606 3 11 11 9
2 25 1 1 1 0 0 878 1 9 9 11
3 1 0 1 0 0 0 3000 1 8 8 9
3 2 0 0 0 0 1 469 3 8 8 8
3 3 0 1 0 0 0 3000 2 13 13 8
3 4 0 0 0 0 1 412 3 13 13 13
3 5 0 1 0 0 0 3000 3 7 7 13
3 6 0 1 0 0 0 3000 2 7 7 7
3 7 0 0 0 0 1 953 3 13 13 7
3 8 0 1 0 0 0 3000 2 6 6 13
3 9 0 1 0 0 0 3000 2 4 4 6
3 10 0 0 0 0 1 838 3 7 7 4
3 11 0 0 0 0 1 426 3 12 12 7
3 12 1 1 1 0 0 614 1 7 7 12
3 13 0 0 0 0 1 564 2 8 8 7
3 14 0 1 0 0 0 3000 2 2 2 8
3 15 0 1 0 0 0 3000 2 5 5 2
3 16 1 1 1 0 0 521 1 2 2 5
3 17 0 1 0 0 0 3000 3 1 1 2
3 18 0 1 0 0 0 3000 2 5 5 1
3 19 0 1 0 0 0 3000 3 3 3 5
3 20 1 1 1 0 0 566 1 5 5 3
3 21 0 0 0 0 1 631 2 2 2 5
3 22 0 1 0 0 0 3000 2 6 6 2
3 23 0 1 0 0 0 3000 2 9 9 6
3 24 0 1 0 0 0 3000 3 14 14 9
3 25 0 0 0 0 1 369 2 10 10 14
4 1 0 1 0 0 0 3000 1 3 3 10
4 2 0 1 0 0 0 3000 2 6 6 3
4 3 0 1 0 0 0 3000 2 4 4 6
4 4 1 1 1 0 0 899 1 6 6 4
4 5 0 1 0 0 0 3000 3 12 12 6
4 6 0 1 0 0 0 3000 3 8 8 12
4 7 0 1 0 0 0 3000 3 5 5 8
4 8 0 1 0 0 0 3000 3 7 7 5
4 9 0 1 0 0 0 3000 3 11 11 7
4 10 0 0 0 0 1 525 3 11 11 11
4 11 0 0 0 0 1 596 2 9 9 11
4 12 0 1 0 0 0 3000 3 7 7 9
4 13 0 1 0 0 0 3000 2 2 2 7
4 14 0 0 0 0 1 512 3 2 2 2
4 15 1 1 1 0 0 472 1 2 2 2
4 16 0 0 0 0 1 531 3 10 10 2
4 17 0 1 0 0 0 3000 2 4 4 10
4 18 1 1 1 0 0 880 1 10 10 4
4 19 0 1 0 0 0 3000 3 3 3 10
4 20 0 1 0 0 0 3000 3 9 9 3
4 21 0 1 0 0 0 3000 2 8 8 9
4 22 1 1 1 0 0 501 1 9 9 8
4 23 0 1 0 0 0 3000 2 6 6 9
4 24 0 1 0 0 0 3000 3 7 7 6
4 25 0 0 0 0 1 801 3 4 4 7
5 1 0 1 0 0 0 3000 1 13 13 4
5 2 0 1 0 0 0 3000 2 12 12 13
5 3 0 1 0 0 0 3000 2 4 4 12
5 4 0 1 0 0 0 3000 2 1 1 4
5 5 0 0 0 0 1 872 3 1 1 1
5 6 1 0 0 1 0 3000 1 1 1 1
5 7 1 1 1 0 0 421 1 1 1 1
5 8 0 0 0 0 1 726 3 2 2 1
5 9 0 1 0 0 0 3000 3 15 15 2
5 10 0 1 0 0 0 3000 2 11 11 15
5 11 1 0 0 1 0 3000 1 15 15 11
5 12 0 1 0 0 0 3000 3 3 3 15
5 13 0 0 0 0 1 246 2 2 2 3
5 14 0 0 0 0 1 595 2 1 1 2
5 15 1 1 1 0 0 361 1 2 2 1
5 16 0 1 0 0 0 3000 2 13 13 2
5 17 1 1 1 0 0 372 1 2 2 13
5 18 1 1 1 0 0 923 1 13 13 2
5 19 1 1 1 0 0 547 1 2 2 13
5 20 1 1 1 0 0 1066 1 13 13 2
5 21 1 1 1 0 0 637 1 2 2 13
5 22 0 1 0 0 0 3000 2 1 1 2
5 23 0 1 0 0 0 3000 2 14 14 1
5 24 0 1 0 0 0 3000 3 8 8 14
5 25 1 1 1 0 0 1270 1 14 14 8
