1 1 0 1 0 0 0 3000 2 8 8 0
1 2 0 1 0 0 0 3000 1 11 11 8
1 3 1 1 1 0 0 977 1 8 8 11
1 4 1 0 0 1 0 3000 1 11 11 8
1 5 1 0 0 1 0 3000 1 8 8 11
1 6 0 1 0 0 0 3000 2 10 10 8
1 7 1 1 1 0 0 542 1 8 8 10
1 8 0 1 0 0 0 3000 3 11 11 8
1 9 0 1 0 0 0 3000 2 9 9 11
1 10 1 1 1 0 0 946 1 11 11 9
1 11 0 1 0 0 0 3000 2 7 7 11
1 12 0 1 0 0 0 3000 2 6 6 7
1 13 1 1 1 0 0 799 1 7 7 6
1 14 1 0 0 1 0 3000 1 6 6 7
1 15 0 1 0 0 0 3000 3 3 3 6
1 16 1 1 1 0 0 499 1 6 6 3
1 17 1 0 0 1 0 3000 1 3 3 6
1 18 1 0 0 1 0 3000 1 6 6 3
1 19 0 1 0 0 0 3000 2 9 9 6
1 20 1 1 1 0 0 443 1 6 6 9
1 21 0 1 0 0 0 3000 2 8 8 6
1 22 0 1 0 0 0 3000 2 12 12 8
1 23 1 1 1 0 0 386 1 8 8 12
1 24 0 1 0 0 0 3000 2 4 4 8
1 25 0 1 0 0 0 3000 2 1 1 4
2 1 0 1 0 0 0 3000 1 10 10 1
2 2 0 1 0 0 0 3000 3 9 9 10
2 3 1 1 1 0 0 498 1 10 10 9
2 4 1 0 0 1 0 3000 1 9 9 10
2 5 0 1 0 0 0 3000 2 8 8 9
2 6 0 1 0 0 0 3000 2 8 8 8
2 7 0 0 0 0 1 1449 2 1 1 8
2 8 0 1 0 0 0 3000 3 6 6 1
2 9 0 1 0 0 0 3000 2 11 11 6
2 10 1 1 1 0 0 741 1 6 6 11
2 11 0 1 0 0 0 3000 2 5 5 6
2 12 0 1 0 0 0 3000 2 14 14 5
2 13 0 1 0 0 0 3000 2 14 14 14
2 14 0 1 0 0 0 3000 3 5 5 14
2 15 0 1 0 0 0 3000 3 15 15 5
2 16 0 1 0 0 0 3000 2 13 13 15
2 17 0 0 0 0 1 622 3 10 10 13
2 18 0 1 0 0 0 3000 3 2 2 10
2 19 0 1 0 0 0 3000 2 3 3 2
2 20 0 1 0 0 0 3000 3 12 12 3
2 21 0 1 0 0 0 3000 3 5 5 12
2 22 1 1 1 0 0 794 1 12 12 5
2 23 0 1 0 0 0 3000 2 13 13 12
2 24 1 0 0 1 0 3000 1 12 12 13
2 25 0 1 0 0 0 3000 3 7 7 12
3 1 0 1 0 0 0 3000 1 2 2 7
3 2 0 1 0 0 0 3000 1 14 14 2
3 3 0 1 0 0 0 3000 2 4 4 14
3 4 1 1 1 0 0 438 1 14 14 4
3 5 1 0 0 1 0 3000 1 4 4 14
3 6 0 1 0 0 0 3000 3 4 4 4
3 7 0 1 0 0 0 3000 3 13 13 4
3 8 0 1 0 0 0 3000 2 8 8 13
3 9 0 1 0 0 0 3000 3 1 1 8
3 10 0 1 0 0 0 3000 2 6 6 1
3 11 1 1 1 0 0 473 1 1 1 6
3 12 1 0 0 1 0 3000 1 6 6 1
3 13 0 1 0 0 0 3000 3 11 11 6
3 14 0 1 0 0 0 3000 3 2 2 11
3 15 0 1 0 0 0 3000 2 5 5 2
3 16 0 1 0 0 0 3000 2 11 11 5
3 17 0 0 0 0 1 493 2 11 11 11
3 18 1 0 0 1 0 3000 1 11 11 11
3 19 0 1 0 0 0 3000 2 4 4 11
3 20 1 1 1 0 0 503 1 11 11 4
3 21 1 0 0 1 0 3000 1 4 4 11
3 22 1 0 0 1 0 3000 1 11 11 4
3 23 1 1 1 0 0 630 1 4 4 11
3 24 0 1 0 0 0 3000 3 8 8 4
3 25 0 1 0 0 0 3000 3 1 1 8
4 1 0 1 0 0 0 3000 2 14 14 1
4 2 0 1 0 0 0 3000 1 2 2 14
4 3 0 1 0 0 0 3000 3 11 11 2
4 4 1 1 1 0 0 468 1 2 2 11
4 5 0 1 0 0 0 3000 2 4 4 2
4 6 0 1 0 0 0 3000 2 11 11 4
4 7 1 1 1 0 0 468 1 4 4 11
4 8 0 1 0 0 0 3000 3 7 7 4
4 9 0 1 0 0 0 3000 3 11 11 7
4 10 0 1 0 0 0 3000 3 15 15 11
4 11 1 1 1 0 0 563 1 11 11 15
4 12 1 0 0 1 0 3000 1 15 15 11
4 13 0 1 0 0 0 3000 3 13 13 15
4 14 0 1 0 0 0 3000 3 12 12 13
4 15 1 1 1 0 0 767 1 13 13 12
4 16 1 0 0 1 0 3000 1 12 12 13
4 17 1 0 0 1 0 3000 1 13 13 12
4 18 0 1 0 0 0 3000 3 14 14 13
4 19 0 1 0 0 0 3000 2 4 4 14
4 20 0 0 0 0 1 1753 3 15 15 4
4 21 0 1 0 0 0 3000 2 14 14 15
4 22 0 1 0 0 0 3000 2 8 8 14
4 23 1 1 1 0 0 445 1 14 14 8
4 24 0 1 0 0 0 3000 2 4 4 14
4 25 0 1 0 0 0 3000 3 11 11 4
5 1 0 1 0 0 0 3000 1 15 15 11
5 2 0 1 0 0 0 3000 2 13 13 15
5 3 1 1 1 0 0 1380 1 15 15 13
5 4 0 1 0 0 0 3000 3 1 1 15
5 5 0 1 0 0 0 3000 3 4 4 1
5 6 1 1 1 0 0 497 1 1 1 4
5 7 0 1 0 0 0 3000 2 11 11 1
5 8 0 1 0 0 0 3000 3 12 12 11
5 9 0 1 0 0 0 3000 3 14 14 12
5 10 0 1 0 0 0 3000 2 8 8 14
5 11 0 1 0 0 0 3000 3 3 3 8
5 12 0 1 0 0 0 3000 2 3 3 3
5 13 1 1 1 0 0 526 1 3 3 3
5 14 0 1 0 0 0 3000 2 2 2 3
5 15 0 1 0 0 0 3000 2 1 1 2
5 16 0 1 0 0 0 3000 2 8 8 1
5 17 1 1 1 0 0 425 1 1 1 8
5 18 0 1 0 0 0 3000 2 5 5 1
5 19 0 1 0 0 0 3000 2 4 4 5
5 20 0 1 0 0 0 3000 3 6 6 4
5 21 0 1 0 0 0 3000 2 11 11 6
5 22 0 1 0 0 0 3000 3 8 8 11
5 23 0 1 0 0 0 3000 3 9 9 8
5 24 0 1 0 0 0 3000 3 12 12 9
5 25 0 0 0 0 1 698 3 8 8 12
