1 1 0 1 0 0 0 3000 1 10 10 0
1 2 0 1 0 0 0 3000 1 10 10 10
1 3 0 1 0 0 0 3000 2 5 5 10
1 4 1 0 0 1 0 3000 1 10 10 5
1 5 0 1 0 0 0 3000 3 6 6 10
1 6 0 1 0 0 0 3000 3 5 5 6
1 7 1 0 0 1 0 3000 1 6 6 5
1 8 1 0 0 1 0 3000 1 5 5 6
1 9 0 1 0 0 0 3000 2 10 10 5
1 10 1 0 0 1 0 3000 1 5 5 10
1 11 0 1 0 0 0 3000 3 12 12 5
1 12 1 1 1 0 0 500 1 5 5 12
1 13 0 1 0 0 0 3000 2 8 8 5
1 14 0 1 0 0 0 3000 2 14 14 8
1 15 0 1 0 0 0 3000 2 12 12 14
1 16 0 1 0 0 0 3000 3 2 2 12
1 17 0 1 0 0 0 3000 2 3 3 2
1 18 0 1 0 0 0 3000 2 5 5 3
1 19 0 1 0 0 0 3000 2 2 2 5
1 20 0 1 0 0 0 3000 2 4 4 2
1 21 0 1 0 0 0 3000 2 13 13 4
1 22 0 1 0 0 0 3000 2 2 2 13
1 23 1 0 0 1 0 3000 1 13 13 2
1 24 1 1 1 0 0 588 1 2 2 13
1 25 0 1 0 0 0 3000 2 9 9 2
2 1 0 1 0 0 0 3000 3 7 7 9
2 2 0 1 0 0 0 3000 1 6 6 7
2 3 1 1 1 0 0 2309 1 7 7 6
2 4 1 0 0 1 0 3000 1 6 6 7
2 5 1 0 0 1 0 3000 1 7 7 6
2 6 0 1 0 0 0 3000 3 11 11 7
2 7 0 1 0 0 0 3000 2 4 4 11
2 8 0 1 0 0 0 3000 3 14 14 4
2 9 1 1 1 0 0 513 1 4 4 14
2 10 0 1 0 0 0 3000 3 11 11 4
2 11 0 1 0 0 0 3000 2 14 14 11
2 12 0 1 0 0 0 3000 2 12 12 14
2 13 0 1 0 0 0 3000 3 1 1 12
2 14 0 1 0 0 0 3000 3 13 13 1
2 15 0 1 0 0 0 3000 2 4 4 13
2 16 0 1 0 0 0 3000 3 2 2 4
2 17 0 1 0 0 0 3000 2 5 5 2
2 18 0 1 0 0 0 3000 2 14 14 5
2 19 0 1 0 0 0 3000 3 2 2 14
2 20 0 1 0 0 0 3000 2 11 11 2
2 21 0 1 0 0 0 3000 3 12 12 11
2 22 1 0 0 1 0 3000 1 11 11 12
2 23 1 0 0 1 0 3000 1 12 12 11
2 24 0 1 0 0 0 3000 2 10 10 12
2 25 1 0 0 1 0 3000 1 12 12 10
3 1 0 1 0 0 0 3000 3 7 7 12
3 2 0 1 0 0 0 3000 1 8 8 7
3 3 0 1 0 0 0 3000 2 3 3 8
3 4 0 1 0 0 0 3000 3 15 15 3
3 5 0 1 0 0 0 3000 2 5 5 15
3 6 1 1 1 0 0 519 1 15 15 5
3 7 0 1 0 0 0 3000 2 7 7 15
3 8 0 1 0 0 0 3000 2 5 5 7
3 9 0 1 0 0 0 3000 3 4 4 5
3 10 0 1 0 0 0 3000 3 4 4 4
3 11 0 1 0 0 0 3000 3 15 15 4
3 12 0 1 0 0 0 3000 3 11 11 15
3 13 1 0 0 1 0 3000 1 15 15 11
3 14 1 0 0 1 0 3000 1 11 11 15
3 15 0 1 0 0 0 3000 3 3 3 11
3 16 0 1 0 0 0 3000 3 10 10 3
3 17 1 0 0 1 0 3000 1 3 3 10
3 18 1 1 1 0 0 458 1 10 10 3
3 19 0 1 0 0 0 3000 2 2 2 10
3 20 0 1 0 0 0 3000 2 9 9 2
3 21 0 1 0 0 0 3000 2 12 12 9
3 22 0 1 0 0 0 3000 3 11 11 12
3 23 0 1 0 0 0 3000 2 1 1 11
3 24 1 1 1 0 0 438 1 11 11 1
3 25 0 1 0 0 0 3000 2 8 8 11
4 1 0 1 0 0 0 3000 2 2 2 8
4 2 0 1 0 0 0 3000 2 13 13 2
4 3 0 1 0 0 0 3000 3 10 10 13
4 4 0 1 0 0 0 3000 3 15 15 10
4 5 1 0 0 1 0 3000 1 10 10 15
4 6 0 1 0 0 0 3000 2 6 6 10
4 7 0 1 0 0 0 3000 3 11 11 6
4 8 1 0 0 1 0 3000 1 6 6 11
4 9 0 1 0 0 0 3000 2 13 13 6
4 10 0 1 0 0 0 3000 2 15 15 13
4 11 0 1 0 0 0 3000 3 14 14 15
4 12 1 1 1 0 0 438 1 15 15 14
4 13 0 1 0 0 0 3000 2 6 6 15
4 14 0 1 0 0 0 3000 2 2 2 6
4 15 0 1 0 0 0 3000 2 13 13 2
4 16 1 0 0 1 0 3000 1 2 2 13
4 17 1 0 0 1 0 3000 1 13 13 2
4 18 0 1 0 0 0 3000 2 7 7 13
4 19 1 0 0 1 0 3000 1 13 13 7
4 20 0 1 0 0 0 3000 3 4 4 13
4 21 0 1 0 0 0 3000 3 7 7 4
4 22 1 0 0 1 0 3000 1 4 4 7
4 23 1 0 0 1 0 3000 1 7 7 4
4 24 0 1 0 0 0 3000 2 8 8 7
4 25 0 1 0 0 0 3000 2 12 12 8
5 1 0 1 0 0 0 3000 2 11 11 12
5 2 0 1 0 0 0 3000 2 1 1 11
5 3 1 1 1 0 0 467 1 11 11 1
5 4 0 1 0 0 0 3000 2 3 3 11
5 5 0 1 0 0 0 3000 3 15 15 3
5 6 0 1 0 0 0 3000 2 6 6 15
5 7 0 1 0 0 0 3000 2 14 14 6
5 8 1 0 0 1 0 3000 1 6 6 14
5 9 0 1 0 0 0 3000 2 7 7 6
5 10 1 0 0 1 0 3000 1 6 6 7
5 11 0 1 0 0 0 3000 3 3 3 6
5 12 1 1 1 0 0 363 1 6 6 3
5 13 0 1 0 0 0 3000 3 1 1 6
5 14 0 1 0 0 0 3000 3 7 7 1
5 15 0 1 0 0 0 3000 2 7 7 7
5 16 1 0 0 1 0 3000 1 7 7 7
5 17 0 1 0 0 0 3000 2 14 14 7
5 18 0 1 0 0 0 3000 3 13 13 14
5 19 0 1 0 0 0 3000 2 15 15 13
5 20 0 1 0 0 0 3000 2 10 10 15
5 21 1 1 1 0 0 505 1 15 15 10
5 22 1 0 0 1 0 3000 1 10 10 15
5 23 0 1 0 0 0 3000 2 8 8 10
5 24 0 1 0 0 0 3000 2 11 11 8
5 25 0 1 0 0 0 3000 3 4 4 11
