1 1 0 1 0 0 0 3000 1 10 10 0
1 2 0 1 0 0 0 3000 1 12 12 10
1 3 1 1 1 0 0 1958 1 10 10 12
1 4 0 1 0 0 0 3000 3 11 11 10
1 5 0 1 0 0 0 3000 2 2 2 11
1 6 0 0 0 0 1 1076 2 2 2 2
1 7 0 1 0 0 0 3000 2 8 8 2
1 8 0 1 0 0 0 3000 2 15 15 8
1 9 0 1 0 0 0 3000 2 14 14 15
1 10 0 1 0 0 0 3000 3 7 7 14
1 11 0 1 0 0 0 3000 2 4 4 7
1 12 0 1 0 0 0 3000 3 6 6 4
1 13 0 0 0 0 1 572 3 2 2 6
1 14 0 1 0 0 0 3000 2 13 13 2
1 15 0 1 0 0 0 3000 3 14 14 13
1 16 0 1 0 0 0 3000 3 7 7 14
1 17 1 1 1 0 0 881 1 14 14 7
1 18 1 0 0 1 0 3000 1 7 7 14
1 19 0 1 0 0 0 3000 3 7 7 7
1 20 1 1 1 0 0 502 1 7 7 7
1 21 0 1 0 0 0 3000 2 1 1 7
1 22 0 1 0 0 0 3000 3 2 2 1
1 23 0 1 0 0 0 3000 3 8 8 2
1 24 0 1 0 0 0 3000 2 11 11 8
1 25 1 0 0 1 0 3000 1 8 8 11
2 1 0 1 0 0 0 3000 2 13 13 8
2 2 0 1 0 0 0 3000 3 5 5 13
2 3 0 1 0 0 0 3000 2 14 14 5
2 4 0 1 0 0 0 3000 3 14 14 14
2 5 0 1 0 0 0 3000 2 10 10 14
2 6 0 1 0 0 0 3000 2 8 8 10
2 7 0 1 0 0 0 3000 3 2 2 8
2 8 0 1 0 0 0 3000 3 9 9 2
2 9 0 1 0 0 0 3000 2 7 7 9
2 10 1 0 0 1 0 3000 1 9 9 7
2 11 0 1 0 0 0 3000 2 3 3 9
2 12 0 0 0 0 1 963 2 7 7 3
2 13 0 1 0 0 0 3000 2 15 15 7
2 14 1 0 0 1 0 3000 1 7 7 15
2 15 0 1 0 0 0 3000 2 14 14 7
2 16 0 1 0 0 0 3000 3 5 5 14
2 17 0 1 0 0 0 3000 2 9 9 5
2 18 0 1 0 0 0 3000 3 13 13 9
2 19 1 0 0 1 0 3000 1 9 9 13
2 20 0 1 0 0 0 3000 2 15 15 9
2 21 0 1 0 0 0 3000 2 1 1 15
2 22 1 1 1 0 0 545 1 15 15 1
2 23 0 1 0 0 0 3000 3 8 8 15
2 24 0 1 0 0 0 3000 2 5 5 8
2 25 1 1 1 0 0 444 1 8 8 5
3 1 0 1 0 0 0 3000 2 4 4 8
3 2 0 1 0 0 0 3000 3 10 10 4
3 3 0 1 0 0 0 3000 2 3 3 10
3 4 1 1 1 0 0 1642 1 10 10 3
3 5 0 1 0 0 0 3000 3 14 14 10
3 6 1 0 0 1 0 3000 1 10 10 14
3 7 0 1 0 0 0 3000 2 8 8 10
3 8 0 1 0 0 0 3000 3 15 15 8
3 9 1 1 1 0 0 500 1 8 8 15
3 10 1 1 1 0 0 1642 1 15 15 8
3 11 0 1 0 0 0 3000 2 9 9 15
3 12 0 1 0 0 0 3000 3 5 5 9
3 13 1 1 1 0 0 462 1 9 9 5
3 14 1 0 0 1 0 3000 1 5 5 9
3 15 1 0 0 1 0 3000 1 9 9 5
3 16 0 1 0 0 0 3000 3 10 10 9
3 17 0 1 0 0 0 3000 3 4 4 10
3 18 0 1 0 0 0 3000 3 13 13 4
3 19 1 1 1 0 0 674 1 4 4 13
3 20 0 1 0 0 0 3000 2 12 12 4
3 21 0 1 0 0 0 3000 2 14 14 12
3 22 0 1 0 0 0 3000 2 13 13 14
3 23 1 1 1 0 0 879 1 14 14 13
3 24 0 1 0 0 0 3000 2 5 5 14
3 25 0 1 0 0 0 3000 2 5 5 5
4 1 0 1 0 0 0 3000 1 14 14 5
4 2 0 1 0 0 0 3000 3 13 13 14
4 3 0 1 0 0 0 3000 3 13 13 13
4 4 0 1 0 0 0 3000 2 1 1 13
4 5 0 1 0 0 0 3000 2 11 11 1
4 6 1 1 1 0 0 424 1 1 1 11
4 7 0 1 0 0 0 3000 3 9 9 1
4 8 0 1 0 0 0 3000 2 10 10 9
4 9 1 1 1 0 0 517 1 9 9 10
4 10 0 1 0 0 0 3000 2 8 8 9
4 11 1 1 1 0 0 611 1 9 9 8
4 12 0 1 0 0 0 3000 2 3 3 9
4 13 1 0 0 1 0 3000 1 9 9 3
4 14 0 1 0 0 0 3000 2 1 1 9
4 15 0 1 0 0 0 3000 3 2 2 1
4 16 0 1 0 0 0 3000 2 6 6 2
4 17 0 1 0 0 0 3000 2 15 15 6
4 18 1 1 1 0 0 557 1 6 6 15
4 19 0 1 0 0 0 3000 3 11 11 6
4 20 0 1 0 0 0 3000 3 14 14 11
4 21 1 1 1 0 0 681 1 11 11 14
4 22 0 1 0 0 0 3000 3 12 12 11
4 23 0 1 0 0 0 3000 3 10 10 12
4 24 1 1 1 0 0 1046 1 12 12 10
4 25 0 0 0 0 1 886 2 12 12 12
5 1 0 1 0 0 0 3000 3 4 4 12
5 2 0 1 0 0 0 3000 1 2 2 4
5 3 0 1 0 0 0 3000 3 7 7 2
5 4 0 1 0 0 0 3000 2 5 5 7
5 5 1 1 1 0 0 913 1 7 7 5
5 6 0 1 0 0 0 3000 2 10 10 7
5 7 1 1 1 0 0 943 1 7 7 10
5 8 0 1 0 0 0 3000 3 5 5 7
5 9 1 1 1 0 0 957 1 7 7 5
5 10 0 1 0 0 0 3000 2 11 11 7
5 11 1 0 0 1 0 3000 1 7 7 11
5 12 0 1 0 0 0 3000 2 3 3 7
5 13 0 1 0 0 0 3000 2 14 14 3
5 14 0 0 0 0 1 648 2 7 7 14
5 15 0 1 0 0 0 3000 2 7 7 7
5 16 0 1 0 0 0 3000 2 1 1 7
5 17 0 1 0 0 0 3000 3 12 12 1
5 18 0 1 0 0 0 3000 2 12 12 12
5 19 1 1 1 0 0 450 1 12 12 12
5 20 0 1 0 0 0 3000 3 14 14 12
5 21 0 1 0 0 0 3000 2 15 15 14
5 22 0 1 0 0 0 3000 3 11 11 15
5 23 0 1 0 0 0 3000 2 12 12 11
5 24 1 0 0 1 0 3000 1 11 11 12
5 25 0 1 0 0 0 3000 2 5 5 11
