1 1 0 1 0 0 0 3000 3 3 3 0
1 2 0 1 0 0 0 3000 3 7 7 3
1 3 0 1 0 0 0 3000 2 12 12 7
1 4 0 1 0 0 0 3000 3 10 10 12
1 5 1 1 1 0 0 1625 1 12 12 10
1 6 0 1 0 0 0 3000 2 12 12 12
1 7 0 1 0 0 0 3000 2 15 15 12
1 8 1 1 1 0 0 831 1 12 12 15
1 9 0 1 0 0 0 3000 2 8 8 12
1 10 0 1 0 0 0 3000 3 2 2 8
1 11 0 1 0 0 0 3000 3 3 3 2
1 12 0 1 0 0 0 3000 2 8 8 3
1 13 1 1 1 0 0 571 1 3 3 8
1 14 0 1 0 0 0 3000 3 12 12 3
1 15 1 1 1 0 0 384 1 3 3 12
1 16 0 1 0 0 0 3000 2 9 9 3
1 17 0 1 0 0 0 3000 2 11 11 9
1 18 0 1 0 0 0 3000 3 5 5 11
1 19 0 1 0 0 0 3000 2 14 14 5
1 20 0 1 0 0 0 3000 2 3 3 14
1 21 1 1 1 0 0 377 1 14 14 3
1 22 0 1 0 0 0 3000 3 14 14 14
1 23 0 1 0 0 0 3000 3 6 6 14
1 24 0 1 0 0 0 3000 2 15 15 6
1 25 0 1 0 0 0 3000 3 3 3 15
2 1 0 1 0 0 0 3000 2 9 9 3
2 2 0 1 0 0 0 3000 2 7 7 9
2 3 1 1 1 0 0 661 1 9 9 7
2 4 1 1 1 0 0 826 1 7 7 9
2 5 0 1 0 0 0 3000 2 15 15 7
2 6 0 1 0 0 0 3000 3 11 11 15
2 7 1 1 1 0 0 640 1 15 15 11
2 8 0 1 0 0 0 3000 2 13 13 15
2 9 0 1 0 0 0 3000 2 1 1 13
2 10 0 1 0 0 0 3000 3 14 14 1
2 11 1 1 1 0 0 421 1 1 1 14
2 12 0 1 0 0 0 3000 3 9 9 1
2 13 1 1 1 0 0 754 1 1 1 9
2 14 0 1 0 0 0 3000 2 15 15 1
2 15 0 1 0 0 0 3000 2 14 14 15
2 16 0 1 0 0 0 3000 2 6 6 14
2 17 1 1 1 0 0 414 1 14 14 6
2 18 1 1 1 0 0 677 1 6 6 14
2 19 0 1 0 0 0 3000 2 9 9 6
2 20 1 1 1 0 0 619 1 6 6 9
2 21 1 1 1 0 0 709 1 9 9 6
2 22 0 1 0 0 0 3000 2 8 8 9
2 23 0 0 0 0 1 560 3 6 6 8
2 24 0 1 0 0 0 3000 2 3 3 6
2 25 0 1 0 0 0 3000 3 1 1 3
3 1 0 1 0 0 0 3000 3 1 1 1
3 2 0 1 0 0 0 3000 3 6 6 1
3 3 0 1 0 0 0 3000 2 13 13 6
3 4 0 1 0 0 0 3000 3 10 10 13
3 5 0 1 0 0 0 3000 3 14 14 10
3 6 1 1 1 0 0 428 1 10 10 14
3 7 0 1 0 0 0 3000 3 15 15 10
3 8 1 1 1 0 0 409 1 10 10 15
3 9 0 1 0 0 0 3000 2 9 9 10
3 10 1 1 1 0 0 681 1 10 10 9
3 11 1 1 1 0 0 777 1 9 9 10
3 12 0 1 0 0 0 3000 2 5 5 9
3 13 0 0 0 0 1 527 2 5 5 5
3 14 0 1 0 0 0 3000 2 11 11 5
3 15 0 1 0 0 0 3000 2 6 6 11
3 16 0 1 0 0 0 3000 2 7 7 6
3 17 0 1 0 0 0 3000 2 14 14 7
3 18 0 0 0 0 1 538 2 6 6 14
3 19 0 1 0 0 0 3000 2 8 8 6
3 20 1 1 1 0 0 784 1 6 6 8
3 21 0 1 0 0 0 3000 2 13 13 6
3 22 0 1 0 0 0 3000 3 9 9 13
3 23 0 0 0 0 1 772 3 9 9 9
3 24 0 1 0 0 0 3000 2 5 5 9
3 25 0 1 0 0 0 3000 3 14 14 5
4 1 0 1 0 0 0 3000 1 7 7 14
4 2 0 1 0 0 0 3000 3 15 15 7
4 3 0 1 0 0 0 3000 2 12 12 15
4 4 1 1 1 0 0 668 1 15 15 12
4 5 0 1 0 0 0 3000 2 4 4 15
4 6 0 1 0 0 0 3000 3 6 6 4
4 7 1 1 1 0 0 520 1 4 4 6
4 8 1 1 1 0 0 825 1 6 6 4
4 9 1 1 1 0 0 1571 1 4 4 6
4 10 1 1 1 0 0 994 1 6 6 4
4 11 0 1 0 0 0 3000 2 7 7 6
4 12 0 1 0 0 0 3000 2 10 10 7
4 13 0 1 0 0 0 3000 3 3 3 10
4 14 1 1 1 0 0 629 1 10 10 3
4 15 0 1 0 0 0 3000 3 2 2 10
4 16 0 1 0 0 0 3000 2 2 2 2
4 17 0 1 0 0 0 3000 3 13 13 2
4 18 0 1 0 0 0 3000 2 5 5 13
4 19 1 1 1 0 0 407 1 13 13 5
4 20 0 1 0 0 0 3000 2 13 13 13
4 21 0 1 0 0 0 3000 2 4 4 13
4 22 1 1 1 0 0 444 1 13 13 4
4 23 0 1 0 0 0 3000 2 10 10 13
4 24 1 1 1 0 0 412 1 13 13 10
4 25 1 1 1 0 0 717 1 10 10 13
5 1 0 1 0 0 0 3000 3 12 12 10
5 2 0 1 0 0 0 3000 3 6 6 12
5 3 0 1 0 0 0 3000 2 7 7 6
5 4 1 1 1 0 0 796 1 6 6 7
5 5 1 1 1 0 0 902 1 7 7 6
5 6 0 1 0 0 0 3000 3 15 15 7
5 7 0 1 0 0 0 3000 3 9 9 15
5 8 0 1 0 0 0 3000 2 6 6 9
5 9 0 1 0 0 0 3000 3 1 1 6
5 10 0 1 0 0 0 3000 2 9 9 1
5 11 0 1 0 0 0 3000 2 15 15 9
5 12 1 1 1 0 0 404 1 9 9 15
5 13 0 1 0 0 0 3000 2 10 10 9
5 14 0 1 0 0 0 3000 2 10 10 10
5 15 0 1 0 0 0 3000 2 11 11 10
5 16 1 1 1 0 0 400 1 10 10 11
5 17 0 1 0 0 0 3000 2 1 1 10
5 18 1 1 1 0 0 551 1 10 10 1
5 19 0 1 0 0 0 3000 3 13 13 10
5 20 1 1 1 0 0 1486 1 10 10 13
5 21 1 1 1 0 0 894 1 13 13 10
5 22 0 1 0 0 0 3000 3 4 4 13
5 23 0 1 0 0 0 3000 2 11 11 4
5 24 0 1 0 0 0 3000 3 8 8 11
5 25 0 1 0 0 0 3000 3 5 5 8
