1 1 0 1 0 0 0 3000 2 10 10 0
1 2 0 1 0 0 0 3000 2 2 2 10
1 3 1 0 0 1 0 3000 1 10 10 2
1 4 0 1 0 0 0 3000 3 8 8 10
1 5 0 1 0 0 0 3000 3 15 15 8
1 6 1 1 1 0 0 624 1 8 8 15
1 7 0 1 0 0 0 3000 2 1 1 8
1 8 0 1 0 0 0 3000 2 11 11 1
1 9 0 1 0 0 0 3000 3 2 2 11
1 10 0 1 0 0 0 3000 2 3 3 2
1 11 1 1 1 0 0 501 1 2 2 3
1 12 1 1 1 0 0 1033 1 3 3 2
1 13 0 1 0 0 0 3000 2 7 7 3
1 14 0 1 0 0 0 3000 2 6 6 7
1 15 1 1 1 0 0 506 1 7 7 6
1 16 1 1 1 0 0 691 1 6 6 7
1 17 0 0 0 0 1 397 2 3 3 6
1 18 0 1 0 0 0 3000 2 15 15 3
1 19 0 0 0 0 1 864 2 11 11 15
1 20 1 1 1 0 0 672 1 15 15 11
1 21 0 0 0 0 1 654 3 6 6 15
1 22 1 0 0 1 0 3000 1 15 15 6
1 23 0 0 0 0 1 590 2 3 3 15
1 24 0 1 0 0 0 3000 2 1 1 3
1 25 0 1 0 0 0 3000 3 7 7 1
2 1 0 1 0 0 0 3000 1 6 6 7
2 2 0 1 0 0 0 3000 2 6 6 6
2 3 0 1 0 0 0 3000 2 11 11 6
2 4 0 1 0 0 0 3000 3 2 2 11
2 5 0 1 0 0 0 3000 3 8 8 2
2 6 1 1 1 0 0 895 1 2 2 8
2 7 1 1 1 0 0 569 1 8 8 2
2 8 0 0 0 0 1 696 2 6 6 8
2 9 1 0 0 1 0 3000 1 8 8 6
2 10 0 1 0 0 0 3000 3 7 7 8
2 11 0 1 0 0 0 3000 3 5 5 7
2 12 1 1 1 0 0 609 1 7 7 5
2 13 0 1 0 0 0 3000 3 3 3 7
2 14 1 1 1 0 0 608 1 7 7 3
2 15 0 1 0 0 0 3000 3 13 13 7
2 16 0 1 0 0 0 3000 3 2 2 13
2 17 0 1 0 0 0 3000 3 4 4 2
2 18 1 1 1 0 0 517 1 2 2 4
2 19 1 1 1 0 0 485 1 4 4 2
2 20 0 1 0 0 0 3000 3 15 15 4
2 21 0 1 0 0 0 3000 2 3 3 15
2 22 0 1 0 0 0 3000 3 1 1 3
2 23 1 1 1 0 0 362 1 3 3 1
2 24 0 1 0 0 0 3000 3 5 5 3
2 25 1 0 0 1 0 3000 1 3 3 5
3 1 0 1 0 0 0 3000 2 11 11 3
3 2 0 1 0 0 0 3000 3 11 11 11
3 3 1 1 1 0 0 764 1 11 11 11
3 4 0 1 0 0 0 3000 2 5 5 11
3 5 0 1 0 0 0 3000 2 4 4 5
3 6 0 1 0 0 0 3000 2 12 12 4
3 7 1 1 1 0 0 1024 1 4 4 12
3 8 0 1 0 0 0 3000 3 10 10 4
3 9 0 1 0 0 0 3000 2 3 3 10
3 10 0 1 0 0 0 3000 3 11 11 3
3 11 1 1 1 0 0 604 1 3 3 11
3 12 1 1 1 0 0 733 1 11 11 3
3 13 0 1 0 0 0 3000 2 8 8 11
3 14 0 1 0 0 0 3000 2 5 5 8
3 15 1 1 1 0 0 528 1 8 8 5
3 16 0 1 0 0 0 3000 3 3 3 8
3 17 1 1 1 0 0 590 1 8 8 3
3 18 0 1 0 0 0 3000 2 1 1 8
3 19 0 1 0 0 0 3000 2 4 4 1
3 20 1 1 1 0 0 468 1 1 1 4
3 21 0 1 0 0 0 3000 3 2 2 1
3 22 0 0 0 0 1 492 3 15 15 2
3 23 0 1 0 0 0 3000 3 7 7 15
3 24 1 1 1 0 0 358 1 15 15 7
3 25 0 1 0 0 0 3000 2 2 2 15
4 1 0 1 0 0 0 3000 3 8 8 2
4 2 0 1 0 0 0 3000 1 11 11 8
4 3 0 1 0 0 0 3000 2 4 4 11
4 4 0 1 0 0 0 3000 3 13 13 4
4 5 1 1 1 0 0 491 1 4 4 13
4 6 0 1 0 0 0 3000 2 4 4 4
4 7 0 1 0 0 0 3000 2 11 11 4
4 8 0 1 0 0 0 3000 2 7 7 11
4 9 1 1 1 0 0 520 1 11 11 7
4 10 0 1 0 0 0 3000 2 1 1 11
4 11 1 0 0 1 0 3000 1 11 11 1
4 12 0 1 0 0 0 3000 2 5 5 11
4 13 1 1 1 0 0 700 1 11 11 5
4 14 0 1 0 0 0 3000 2 11 11 11
4 15 1 1 1 0 0 706 1 11 11 11
4 16 0 1 0 0 0 3000 3 1 1 11
4 17 1 1 1 0 0 1311 1 11 11 1
4 18 0 1 0 0 0 3000 3 9 9 11
4 19 0 0 0 0 1 478 2 2 2 9
4 20 0 1 0 0 0 3000 3 5 5 2
4 21 0 1 0 0 0 3000 3 4 4 5
4 22 0 0 0 0 1 349 3 11 11 4
4 23 1 1 1 0 0 667 1 4 4 11
4 24 1 0 0 1 0 3000 1 11 11 4
4 25 0 0 0 0 1 608 2 11 11 11
5 1 0 1 0 0 0 3000 3 9 9 11
5 2 0 1 0 0 0 3000 1 3 3 9
5 3 0 0 0 0 1 467 3 5 5 3
5 4 1 1 1 0 0 607 1 3 3 5
5 5 1 1 1 0 0 450 1 5 5 3
5 6 0 1 0 0 0 3000 3 14 14 5
5 7 1 1 1 0 0 423 1 5 5 14
5 8 0 0 0 0 1 702 2 7 7 5
5 9 0 1 0 0 0 3000 2 2 2 7
5 10 0 1 0 0 0 3000 2 15 15 2
5 11 1 1 1 0 0 404 1 2 2 15
5 12 1 1 1 0 0 506 1 15 15 2
5 13 1 1 1 0 0 555 1 2 2 15
5 14 0 1 0 0 0 3000 3 4 4 2
5 15 1 1 1 0 0 390 1 2 2 4
5 16 1 1 1 0 0 463 1 4 4 2
5 17 0 0 0 0 1 490 2 15 15 4
5 18 0 1 0 0 0 3000 3 14 14 15
5 19 0 1 0 0 0 3000 3 12 12 14
5 20 0 1 0 0 0 3000 3 3 3 12
5 21 0 1 0 0 0 3000 3 2 2 3
5 22 1 1 1 0 0 540 1 3 3 2
5 23 0 1 0 0 0 3000 3 9 9 3
5 24 0 1 0 0 0 3000 2 6 6 9
5 25 0 1 0 0 0 3000 2 8 8 6
