1 1 0 1 0 0 0 3000 2 15 15 0
1 2 0 1 0 0 0 3000 3 13 13 15
1 3 0 1 0 0 0 3000 3 14 14 13
1 4 1 1 1 0 0 1597 1 13 13 14
1 5 0 1 0 0 0 3000 2 9 9 13
1 6 0 1 0 0 0 3000 2 4 4 9
1 7 0 1 0 0 0 3000 2 15 15 4
1 8 0 1 0 0 0 3000 2 12 12 15
1 9 0 1 0 0 0 3000 3 7 7 12
1 10 0 1 0 0 0 3000 3 6 6 7
1 11 0 0 0 0 1 1542 3 15 15 6
1 12 1 0 0 1 0 3000 1 6 6 15
1 13 1 0 0 1 0 3000 1 15 15 6
1 14 1 0 0 1 0 3000 1 6 6 15
1 15 0 1 0 0 0 3000 3 12 12 6
1 16 0 1 0 0 0 3000 3 14 14 12
1 17 0 1 0 0 0 3000 2 7 7 14
1 18 0 1 0 0 0 3000 2 13 13 7
1 19 0 1 0 0 0 3000 3 1 1 13
1 20 1 1 1 0 0 765 1 13 13 1
1 21 0 1 0 0 0 3000 2 5 5 13
1 22 0 1 0 0 0 3000 3 9 9 5
1 23 0 1 0 0 0 3000 3 12 12 9
1 24 1 1 1 0 0 1096 1 9 9 12
1 25 1 0 0 1 0 3000 1 12 12 9
2 1 0 1 0 0 0 3000 3 6 6 12
2 2 0 1 0 0 0 3000 2 5 5 6
2 3 0 1 0 0 0 3000 2 3 3 5
2 4 0 1 0 0 0 3000 3 7 7 3
2 5 0 1 0 0 0 3000 3 8 8 7
2 6 0 1 0 0 0 3000 3 13 13 8
2 7 1 1 1 0 0 813 1 8 8 13
2 8 0 1 0 0 0 3000 2 14 14 8
2 9 0 1 0 0 0 3000 2 12 12 14
2 10 0 1 0 0 0 3000 2 1 1 12
2 11 1 1 1 0 0 497 1 12 12 1
2 12 0 1 0 0 0 3000 3 11 11 12
2 13 1 0 0 1 0 3000 1 12 12 11
2 14 1 1 1 0 0 937 1 11 11 12
2 15 0 1 0 0 0 3000 2 8 8 11
2 16 0 1 0 0 0 3000 2 2 2 8
2 17 1 1 1 0 0 1806 1 8 8 2
2 18 0 1 0 0 0 3000 3 13 13 8
2 19 1 0 0 1 0 3000 1 8 8 13
2 20 0 1 0 0 0 3000 3 11 11 8
2 21 0 1 0 0 0 3000 2 1 1 11
2 22 0 1 0 0 0 3000 2 5 5 1
2 23 1 1 1 0 0 570 1 1 1 5
2 24 1 0 0 1 0 3000 1 5 5 1
2 25 0 1 0 0 0 3000 3 10 10 5
3 1 0 1 0 0 0 3000 3 13 13 10
3 2 0 1 0 0 0 3000 2 15 15 13
3 3 1 0 0 1 0 3000 1 13 13 15
3 4 1 1 1 0 0 841 1 15 15 13
3 5 1 1 1 0 0 2114 1 13 13 15
3 6 1 0 0 1 0 3000 1 15 15 13
3 7 0 1 0 0 0 3000 3 8 8 15
3 8 0 1 0 0 0 3000 3 5 5 8
3 9 0 1 0 0 0 3000 3 9 9 5
3 10 0 0 0 0 1 709 2 13 13 9
3 11 1 0 0 1 0 3000 1 9 9 13
3 12 0 1 0 0 0 3000 2 12 12 9
3 13 1 1 1 0 0 530 1 9 9 12
3 14 0 1 0 0 0 3000 2 5 5 9
3 15 0 1 0 0 0 3000 2 10 10 5
3 16 0 1 0 0 0 3000 2 14 14 10
3 17 1 1 1 0 0 597 1 10 10 14
3 18 1 1 1 0 0 983 1 14 14 10
3 19 0 1 0 0 0 3000 2 2 2 14
3 20 0 1 0 0 0 3000 2 7 7 2
3 21 0 1 0 0 0 3000 3 4 4 7
3 22 0 1 0 0 0 3000 2 12 12 4
3 23 0 1 0 0 0 3000 2 12 12 12
3 24 1 1 1 0 0 637 1 12 12 12
3 25 0 1 0 0 0 3000 2 3 3 12
4 1 0 1 0 0 0 3000 1 14 14 3
4 2 0 1 0 0 0 3000 3 1 1 14
4 3 0 0 0 0 1 868 2 1 1 1
4 4 1 0 0 1 0 3000 1 1 1 1
4 5 0 1 0 0 0 3000 2 7 7 1
4 6 1 1 1 0 0 657 1 1 1 7
4 7 1 1 1 0 0 945 1 7 7 1
4 8 0 1 0 0 0 3000 3 10 10 7
4 9 0 1 0 0 0 3000 3 15 15 10
4 10 1 1 1 0 0 1014 1 10 10 15
4 11 1 1 1 0 0 1309 1 15 15 10
4 12 0 1 0 0 0 3000 3 7 7 15
4 13 0 1 0 0 0 3000 3 13 13 7
4 14 0 1 0 0 0 3000 2 11 11 13
4 15 0 1 0 0 0 3000 2 5 5 11
4 16 0 0 0 0 1 585 3 13 13 5
4 17 1 1 1 0 0 1537 1 5 5 13
4 18 0 1 0 0 0 3000 2 1 1 5
4 19 0 1 0 0 0 3000 2 13 13 1
4 20 1 0 0 1 0 3000 1 1 1 13
4 21 0 1 0 0 0 3000 3 3 3 1
4 22 0 1 0 0 0 3000 3 10 10 3
4 23 1 1 1 0 0 634 1 3 3 10
4 24 1 0 0 1 0 3000 1 10 10 3
4 25 0 1 0 0 0 3000 3 8 8 10
5 1 0 1 0 0 0 3000 3 7 7 8
5 2 0 1 0 0 0 3000 2 2 2 7
5 3 1 1 1 0 0 1047 1 7 7 2
5 4 0 1 0 0 0 3000 3 8 8 7
5 5 0 1 0 0 0 3000 3 2 2 8
5 6 1 1 1 0 0 836 1 8 8 2
5 7 0 1 0 0 0 3000 2 10 10 8
5 8 0 1 0 0 0 3000 2 9 9 10
5 9 0 1 0 0 0 3000 2 12 12 9
5 10 0 1 0 0 0 3000 2 6 6 12
5 11 0 1 0 0 0 3000 2 6 6 6
5 12 0 1 0 0 0 3000 2 4 4 6
5 13 0 1 0 0 0 3000 2 9 9 4
5 14 1 1 1 0 0 691 1 4 4 9
5 15 0 1 0 0 0 3000 3 5 5 4
5 16 1 0 0 1 0 3000 1 4 4 5
5 17 0 1 0 0 0 3000 3 15 15 4
5 18 1 1 1 0 0 633 1 4 4 15
5 19 0 1 0 0 0 3000 2 4 4 4
5 20 1 0 0 1 0 3000 1 4 4 4
5 21 1 1 1 0 0 428 1 4 4 4
5 22 0 1 0 0 0 3000 2 12 12 4
5 23 0 1 0 0 0 3000 2 13 13 12
5 24 0 1 0 0 0 3000 3 11 11 13
5 25 0 1 0 0 0 3000 2 3 3 11
