1 1 0 1 0 0 0 3000 1 10 10 0
1 2 0 1 0 0 0 3000 2 4 4 10
1 3 0 1 0 0 0 3000 3 12 12 4
1 4 0 1 0 0 0 3000 2 11 11 12
1 5 0 1 0 0 0 3000 3 13 13 11
1 6 0 1 0 0 0 3000 3 2 2 13
1 7 0 1 0 0 0 3000 3 10 10 2
1 8 1 1 1 0 0 733 1 2 2 10
1 9 0 1 0 0 0 3000 2 12 12 2
1 10 0 1 0 0 0 3000 3 15 15 12
1 11 0 1 0 0 0 3000 2 2 2 15
1 12 0 1 0 0 0 3000 3 14 14 2
1 13 1 1 1 0 0 689 1 2 2 14
1 14 1 1 1 0 0 535 1 14 14 2
1 15 0 1 0 0 0 3000 2 10 10 14
1 16 0 1 0 0 0 3000 2 12 12 10
1 17 0 1 0 0 0 3000 2 12 12 12
1 18 0 1 0 0 0 3000 3 4 4 12
1 19 0 1 0 0 0 3000 2 9 9 4
1 20 1 1 1 0 0 353 1 4 4 9
1 21 1 1 1 0 0 688 1 9 9 4
1 22 1 1 1 0 0 653 1 4 4 9
1 23 0 0 0 0 1 1366 2 14 14 4
1 24 1 0 0 1 0 3000 1 4 4 14
1 25 1 1 1 0 0 850 1 14 14 4
2 1 0 1 0 0 0 3000 3 10 10 14
2 2 0 1 0 0 0 3000 1 5 5 10
2 3 1 0 0 1 0 3000 1 10 10 5
2 4 1 1 1 0 0 455 1 5 5 10
2 5 0 1 0 0 0 3000 3 5 5 5
2 6 0 1 0 0 0 3000 3 14 14 5
2 7 0 1 0 0 0 3000 3 10 10 14
2 8 0 1 0 0 0 3000 3 8 8 10
2 9 0 1 0 0 0 3000 2 3 3 8
2 10 0 1 0 0 0 3000 3 4 4 3
2 11 0 1 0 0 0 3000 2 15 15 4
2 12 0 1 0 0 0 3000 2 3 3 15
2 13 0 1 0 0 0 3000 3 11 11 3
2 14 0 1 0 0 0 3000 2 2 2 11
2 15 0 1 0 0 0 3000 3 8 8 2
2 16 0 1 0 0 0 3000 3 6 6 8
2 17 0 1 0 0 0 3000 3 12 12 6
2 18 0 1 0 0 0 3000 3 15 15 12
2 19 0 1 0 0 0 3000 3 1 1 15
2 20 0 1 0 0 0 3000 3 7 7 1
2 21 0 1 0 0 0 3000 2 10 10 7
2 22 0 1 0 0 0 3000 2 1 1 10
2 23 0 1 0 0 0 3000 3 1 1 1
2 24 1 1 1 0 0 1085 1 1 1 1
2 25 0 1 0 0 0 3000 3 2 2 1
3 1 0 1 0 0 0 3000 1 4 4 2
3 2 0 1 0 0 0 3000 2 9 9 4
3 3 0 1 0 0 0 3000 2 3 3 9
3 4 0 1 0 0 0 3000 3 13 13 3
3 5 0 1 0 0 0 3000 3 13 13 13
3 6 1 1 1 0 0 371 1 13 13 13
3 7 1 0 0 1 0 3000 1 13 13 13
3 8 1 0 0 1 0 3000 1 13 13 13
3 9 0 1 0 0 0 3000 2 15 15 13
3 10 0 1 0 0 0 3000 2 12 12 15
3 11 1 1 1 0 0 646 1 15 15 12
3 12 0 1 0 0 0 3000 3 5 5 15
3 13 1 0 0 1 0 3000 1 15 15 5
3 14 0 1 0 0 0 3000 3 11 11 15
3 15 0 1 0 0 0 3000 3 3 3 11
3 16 0 1 0 0 0 3000 3 13 13 3
3 17 1 1 1 0 0 471 1 3 3 13
3 18 1 1 1 0 0 667 1 13 13 3
3 19 1 1 1 0 0 546 1 3 3 13
3 20 1 1 1 0 0 514 1 13 13 3
3 21 0 1 0 0 0 3000 2 5 5 13
3 22 0 1 0 0 0 3000 2 8 8 5
3 23 0 1 0 0 0 3000 2 6 6 8
3 24 1 1 1 0 0 483 1 8 8 6
3 25 0 1 0 0 0 3000 2 1 1 8
4 1 0 1 0 0 0 3000 2 1 1 1
4 2 0 1 0 0 0 3000 2 6 6 1
4 3 0 1 0 0 0 3000 3 4 4 6
4 4 0 1 0 0 0 3000 3 15 15 4
4 5 1 0 0 1 0 3000 1 4 4 15
4 6 0 1 0 0 0 3000 2 11 11 4
4 7 0 1 0 0 0 3000 3 5 5 11
4 8 1 1 1 0 0 497 1 11 11 5
4 9 0 1 0 0 0 3000 3 15 15 11
4 10 1 1 1 0 0 865 1 11 11 15
4 11 0 1 0 0 0 3000 2 10 10 11
4 12 0 1 0 0 0 3000 3 13 13 10
4 13 0 1 0 0 0 3000 2 4 4 13
4 14 1 1 1 0 0 575 1 13 13 4
4 15 0 1 0 0 0 3000 2 15 15 13
4 16 1 1 1 0 0 652 1 13 13 15
4 17 1 1 1 0 0 1028 1 15 15 13
4 18 0 1 0 0 0 3000 3 7 7 15
4 19 0 1 0 0 0 3000 3 8 8 7
4 20 1 1 1 0 0 522 1 7 7 8
4 21 0 1 0 0 0 3000 2 15 15 7
4 22 0 1 0 0 0 3000 3 3 3 15
4 23 1 1 1 0 0 487 1 15 15 3
4 24 0 1 0 0 0 3000 3 7 7 15
4 25 0 1 0 0 0 3000 2 8 8 7
5 1 0 1 0 0 0 3000 1 13 13 8
5 2 0 1 0 0 0 3000 3 10 10 13
5 3 1 1 1 0 0 407 1 13 13 10
5 4 0 1 0 0 0 3000 3 4 4 13
5 5 1 1 1 0 0 687 1 13 13 4
5 6 1 1 1 0 0 686 1 4 4 13
5 7 0 1 0 0 0 3000 2 5 5 4
5 8 0 1 0 0 0 3000 2 3 3 5
5 9 0 1 0 0 0 3000 3 13 13 3
5 10 0 1 0 0 0 3000 3 5 5 13
5 11 0 1 0 0 0 3000 3 4 4 5
5 12 0 1 0 0 0 3000 3 1 1 4
5 13 0 1 0 0 0 3000 3 15 15 1
5 14 0 1 0 0 0 3000 2 13 13 15
5 15 0 1 0 0 0 3000 3 9 9 13
5 16 1 1 1 0 0 555 1 13 13 9
5 17 1 0 0 1 0 3000 1 9 9 13
5 18 1 1 1 0 0 776 1 13 13 9
5 19 0 1 0 0 0 3000 2 2 2 13
5 20 0 1 0 0 0 3000 3 3 3 2
5 21 1 1 1 0 0 558 1 2 2 3
5 22 0 1 0 0 0 3000 2 10 10 2
5 23 1 1 1 0 0 700 1 2 2 10
5 24 0 1 0 0 0 3000 3 6 6 2
5 25 0 0 0 0 1 649 2 10 10 6
