1 1 0 1 0 0 0 3000 1 10 10 0
1 2 0 1 0 0 0 3000 3 6 6 10
1 3 1 1 1 0 0 693 1 10 10 6
1 4 1 1 1 0 0 973 1 6 6 10
1 5 0 1 0 0 0 3000 2 12 12 6
1 6 0 1 0 0 0 3000 3 11 11 12
1 7 0 1 0 0 0 3000 3 2 2 11
1 8 0 1 0 0 0 3000 2 8 8 2
1 9 0 1 0 0 0 3000 2 7 7 8
1 10 0 1 0 0 0 3000 3 14 14 7
1 11 0 0 0 0 1 629 2 8 8 14
1 12 1 0 0 1 0 3000 1 14 14 8
1 13 0 1 0 0 0 3000 3 6 6 14
1 14 0 1 0 0 0 3000 3 15 15 6
1 15 0 1 0 0 0 3000 2 8 8 15
1 16 0 1 0 0 0 3000 2 13 13 8
1 17 0 1 0 0 0 3000 2 1 1 13
1 18 0 1 0 0 0 3000 2 11 11 1
1 19 0 1 0 0 0 3000 3 12 12 11
1 20 0 1 0 0 0 3000 2 12 12 12
1 21 0 1 0 0 0 3000 3 6 6 12
1 22 0 1 0 0 0 3000 3 11 11 6
1 23 1 1 1 0 0 810 1 6 6 11
1 24 1 1 1 0 0 529 1 11 11 6
1 25 0 1 0 0 0 3000 3 7 7 11
2 1 0 1 0 0 0 3000 3 7 7 7
2 2 0 1 0 0 0 3000 3 3 3 7
2 3 1 1 1 0 0 394 1 7 7 3
2 4 0 1 0 0 0 3000 3 15 15 7
2 5 0 1 0 0 0 3000 3 5 5 15
2 6 0 1 0 0 0 3000 3 9 9 5
2 7 0 1 0 0 0 3000 2 15 15 9
2 8 0 1 0 0 0 3000 2 15 15 15
2 9 1 1 1 0 0 396 1 15 15 15
2 10 1 1 1 0 0 641 1 15 15 15
2 11 0 1 0 0 0 3000 3 7 7 15
2 12 0 1 0 0 0 3000 2 5 5 7
2 13 0 1 0 0 0 3000 3 3 3 5
2 14 0 1 0 0 0 3000 3 10 10 3
2 15 0 1 0 0 0 3000 3 8 8 10
2 16 1 1 1 0 0 363 1 10 10 8
2 17 1 1 1 0 0 515 1 8 8 10
2 18 1 1 1 0 0 448 1 10 10 8
2 19 0 1 0 0 0 3000 3 13 13 10
2 20 0 1 0 0 0 3000 3 2 2 13
2 21 0 1 0 0 0 3000 2 8 8 2
2 22 0 1 0 0 0 3000 3 10 10 8
2 23 0 1 0 0 0 3000 2 15 15 10
2 24 0 1 0 0 0 3000 3 14 14 15
2 25 0 1 0 0 0 3000 3 3 3 14
3 1 0 1 0 0 0 3000 2 4 4 3
3 2 0 1 0 0 0 3000 2 7 7 4
3 3 0 1 0 0 0 3000 2 14 14 7
3 4 1 1 1 0 0 350 1 7 7 14
3 5 0 1 0 0 0 3000 2 5 5 7
3 6 1 1 1 0 0 363 1 7 7 5
3 7 1 1 1 0 0 476 1 5 5 7
3 8 0 1 0 0 0 3000 2 6 6 5
3 9 1 1 1 0 0 384 1 5 5 6
3 10 0 1 0 0 0 3000 3 5 5 5
3 11 0 1 0 0 0 3000 2 11 11 5
3 12 0 1 0 0 0 3000 3 15 15 11
3 13 0 1 0 0 0 3000 2 8 8 15
3 14 0 1 0 0 0 3000 3 14 14 8
3 15 0 1 0 0 0 3000 2 5 5 14
3 16 0 1 0 0 0 3000 3 4 4 5
3 17 1 1 1 0 0 376 1 5 5 4
3 18 1 1 1 0 0 448 1 4 4 5
3 19 1 1 1 0 0 365 1 5 5 4
3 20 1 1 1 0 0 384 1 4 4 5
3 21 0 1 0 0 0 3000 2 7 7 4
3 22 0 1 0 0 0 3000 3 3 3 7
3 23 1 1 1 0 0 370 1 7 7 3
3 24 1 1 1 0 0 361 1 3 3 7
3 25 1 1 1 0 0 360 1 7 7 3
4 1 0 1 0 0 0 3000 2 7 7 7
4 2 0 1 0 0 0 3000 3 15 15 7
4 3 0 1 0 0 0 3000 2 10 10 15
4 4 0 1 0 0 0 3000 3 13 13 10
4 5 0 1 0 0 0 3000 3 3 3 13
4 6 0 1 0 0 0 3000 3 2 2 3
4 7 1 1 1 0 0 343 1 3 3 2
4 8 0 1 0 0 0 3000 3 12 12 3
4 9 1 1 1 0 0 397 1 3 3 12
4 10 1 1 1 0 0 493 1 12 12 3
4 11 0 1 0 0 0 3000 3 15 15 12
4 12 0 1 0 0 0 3000 2 5 5 15
4 13 0 1 0 0 0 3000 2 13 13 5
4 14 0 1 0 0 0 3000 2 11 11 13
4 15 1 1 1 0 0 522 1 13 13 11
4 16 0 1 0 0 0 3000 3 15 15 13
4 17 0 1 0 0 0 3000 3 9 9 15
4 18 1 0 0 1 0 3000 1 15 15 9
4 19 1 1 1 0 0 415 1 9 9 15
4 20 0 1 0 0 0 3000 3 8 8 9
4 21 1 1 1 0 0 685 1 9 9 8
4 22 0 1 0 0 0 3000 3 13 13 9
4 23 0 0 0 0 1 379 2 15 15 13
4 24 0 1 0 0 0 3000 2 12 12 15
4 25 0 1 0 0 0 3000 2 5 5 12
5 1 0 1 0 0 0 3000 1 10 10 5
5 2 0 1 0 0 0 3000 3 4 4 10
5 3 0 1 0 0 0 3000 3 9 9 4
5 4 0 1 0 0 0 3000 2 8 8 9
5 5 1 1 1 0 0 368 1 9 9 8
5 6 1 1 1 0 0 403 1 8 8 9
5 7 0 1 0 0 0 3000 2 3 3 8
5 8 0 1 0 0 0 3000 3 6 6 3
5 9 1 1 1 0 0 315 1 3 3 6
5 10 1 1 1 0 0 432 1 6 6 3
5 11 0 1 0 0 0 3000 3 12 12 6
5 12 0 1 0 0 0 3000 3 11 11 12
5 13 1 1 1 0 0 407 1 12 12 11
5 14 1 1 1 0 0 381 1 11 11 12
5 15 1 1 1 0 0 430 1 12 12 11
5 16 0 1 0 0 0 3000 2 3 3 12
5 17 0 1 0 0 0 3000 2 1 1 3
5 18 0 1 0 0 0 3000 2 7 7 1
5 19 1 1 1 0 0 330 1 1 1 7
5 20 1 1 1 0 0 362 1 7 7 1
5 21 0 1 0 0 0 3000 3 2 2 7
5 22 0 1 0 0 0 3000 2 6 6 2
5 23 1 1 1 0 0 395 1 2 2 6
5 24 0 1 0 0 0 3000 2 5 5 2
5 25 0 1 0 0 0 3000 2 1 1 5
