1 1 0 1 0 0 0 3000 2 3 3 0
1 2 0 1 0 0 0 3000 2 10 10 3
1 3 0 1 0 0 0 3000 2 4 4 10
1 4 0 1 0 0 0 3000 3 6 6 4
1 5 1 1 1 0 0 866 1 4 4 6
1 6 0 1 0 0 0 3000 3 7 7 4
1 7 0 1 0 0 0 3000 3 2 2 7
1 8 0 1 0 0 0 3000 2 2 2 2
1 9 0 0 0 0 1 398 2 7 7 2
1 10 0 1 0 0 0 3000 3 7 7 7
1 11 0 1 0 0 0 3000 2 14 14 7
1 12 0 1 0 0 0 3000 2 13 13 14
1 13 0 1 0 0 0 3000 3 6 6 13
1 14 1 0 0 1 0 3000 1 13 13 6
1 15 1 1 1 0 0 610 1 6 6 13
1 16 0 1 0 0 0 3000 3 2 2 6
1 17 1 0 0 1 0 3000 1 6 6 2
1 18 0 1 0 0 0 3000 2 1 1 6
1 19 1 0 0 1 0 3000 1 6 6 1
1 20 0 1 0 0 0 3000 3 7 7 6
1 21 1 1 1 0 0 585 1 6 6 7
1 22 0 1 0 0 0 3000 3 1 1 6
1 23 1 0 0 1 0 3000 1 6 6 1
1 24 0 1 0 0 0 3000 3 2 2 6
1 25 0 1 0 0 0 3000 3 10 10 2
2 1 0 1 0 0 0 3000 3 7 7 10
2 2 0 1 0 0 0 3000 3 12 12 7
2 3 0 1 0 0 0 3000 3 6 6 12
2 4 1 1 1 0 0 1049 1 12 12 6
2 5 0 1 0 0 0 3000 3 10 10 12
2 6 1 1 1 0 0 1779 1 12 12 10
2 7 0 1 0 0 0 3000 3 3 3 12
2 8 0 0 0 0 1 1007 3 6 6 3
2 9 0 0 0 0 1 951 3 12 12 6
2 10 0 1 0 0 0 3000 3 4 4 12
2 11 0 1 0 0 0 3000 2 11 11 4
2 12 0 1 0 0 0 3000 3 14 14 11
2 13 0 1 0 0 0 3000 2 13 13 14
2 14 1 1 1 0 0 553 1 14 14 13
2 15 1 0 0 1 0 3000 1 13 13 14
2 16 0 1 0 0 0 3000 3 1 1 13
2 17 0 0 0 0 1 1389 2 2 2 1
2 18 0 1 0 0 0 3000 3 8 8 2
2 19 0 1 0 0 0 3000 2 15 15 8
2 20 0 0 0 0 1 675 2 12 12 15
2 21 0 1 0 0 0 3000 2 5 5 12
2 22 0 1 0 0 0 3000 3 7 7 5
2 23 0 1 0 0 0 3000 2 3 3 7
2 24 0 0 0 0 1 567 2 14 14 3
2 25 1 1 1 0 0 1263 1 3 3 14
3 1 0 1 0 0 0 3000 1 1 1 3
3 2 0 1 0 0 0 3000 1 7 7 1
3 3 0 1 0 0 0 3000 2 6 6 7
3 4 0 1 0 0 0 3000 2 10 10 6
3 5 0 1 0 0 0 3000 2 12 12 10
3 6 0 1 0 0 0 3000 2 8 8 12
3 7 0 1 0 0 0 3000 2 4 4 8
3 8 0 0 0 0 1 760 2 14 14 4
3 9 0 0 0 0 1 640 3 14 14 14
3 10 0 1 0 0 0 3000 3 2 2 14
3 11 0 0 0 0 1 661 3 7 7 2
3 12 0 1 0 0 0 3000 2 3 3 7
3 13 1 1 1 0 0 700 1 7 7 3
3 14 0 0 0 0 1 1763 2 6 6 7
3 15 0 1 0 0 0 3000 3 14 14 6
3 16 0 0 0 0 1 633 2 10 10 14
3 17 0 1 0 0 0 3000 3 13 13 10
3 18 0 1 0 0 0 3000 2 3 3 13
3 19 1 1 1 0 0 502 1 13 13 3
3 20 0 1 0 0 0 3000 2 8 8 13
3 21 0 1 0 0 0 3000 2 7 7 8
3 22 0 1 0 0 0 3000 2 15 15 7
3 23 0 0 0 0 1 617 2 8 8 15
3 24 1 0 0 1 0 3000 1 15 15 8
3 25 0 0 0 0 1 529 2 15 15 15
4 1 0 1 0 0 0 3000 3 14 14 15
4 2 0 1 0 0 0 3000 1 13 13 14
4 3 0 1 0 0 0 3000 3 11 11 13
4 4 1 1 1 0 0 593 1 13 13 11
4 5 0 0 0 0 1 1499 2 14 14 13
4 6 0 1 0 0 0 3000 3 10 10 14
4 7 1 1 1 0 0 967 1 14 14 10
4 8 0 1 0 0 0 3000 3 8 8 14
4 9 1 1 1 0 0 1853 1 14 14 8
4 10 1 1 1 0 0 1220 1 8 8 14
4 11 0 1 0 0 0 3000 2 5 5 8
4 12 0 1 0 0 0 3000 2 15 15 5
4 13 1 1 1 0 0 592 1 5 5 15
4 14 1 0 0 1 0 3000 1 15 15 5
4 15 1 1 1 0 0 584 1 5 5 15
4 16 1 1 1 0 0 688 1 15 15 5
4 17 0 1 0 0 0 3000 3 11 11 15
4 18 1 1 1 0 0 763 1 15 15 11
4 19 0 1 0 0 0 3000 3 13 13 15
4 20 0 0 0 0 1 362 3 11 11 13
4 21 0 1 0 0 0 3000 2 14 14 11
4 22 0 1 0 0 0 3000 3 15 15 14
4 23 0 1 0 0 0 3000 3 8 8 15
4 24 0 1 0 0 0 3000 2 4 4 8
4 25 0 1 0 0 0 3000 2 9 9 4
5 1 0 1 0 0 0 3000 3 10 10 9
5 2 0 1 0 0 0 3000 2 12 12 10
5 3 0 1 0 0 0 3000 2 8 8 12
5 4 1 1 1 0 0 891 1 12 12 8
5 5 0 1 0 0 0 3000 3 1 1 12
5 6 0 1 0 0 0 3000 3 5 5 1
5 7 1 1 1 0 0 376 1 1 1 5
5 8 0 1 0 0 0 3000 2 10 10 1
5 9 0 0 0 0 1 207 2 10 10 10
5 10 1 1 1 0 0 718 1 10 10 10
5 11 0 1 0 0 0 3000 2 2 2 10
5 12 1 0 0 1 0 3000 1 10 10 2
5 13 0 1 0 0 0 3000 2 9 9 10
5 14 0 1 0 0 0 3000 2 8 8 9
5 15 0 1 0 0 0 3000 3 11 11 8
5 16 1 1 1 0 0 385 1 8 8 11
5 17 0 1 0 0 0 3000 2 1 1 8
5 18 0 1 0 0 0 3000 2 6 6 1
5 19 1 1 1 0 0 330 1 1 1 6
5 20 0 1 0 0 0 3000 3 2 2 1
5 21 0 1 0 0 0 3000 2 11 11 2
5 22 0 0 0 0 1 326 3 6 6 11
5 23 0 1 0 0 0 3000 2 4 4 6
5 24 0 1 0 0 0 3000 3 11 11 4
5 25 1 0 0 1 0 3000 1 4 4 11
