1 1 0 1 0 0 0 3000 1 14 14 0
1 2 0 1 0 0 0 3000 1 6 6 14
1 3 0 1 0 0 0 3000 3 11 11 6
1 4 1 0 0 1 0 3000 1 6 6 11
1 5 0 1 0 0 0 3000 2 13 13 6
1 6 0 1 0 0 0 3000 2 1 1 13
1 7 0 1 0 0 0 3000 2 15 15 1
1 8 0 0 0 0 1 741 2 13 13 15
1 9 0 1 0 0 0 3000 2 6 6 13
1 10 0 1 0 0 0 3000 2 7 7 6
1 11 1 0 0 1 0 3000 1 6 6 7
1 12 0 1 0 0 0 3000 3 4 4 6
1 13 1 1 1 0 0 576 1 6 6 4
1 14 0 1 0 0 0 3000 2 12 12 6
1 15 1 0 0 1 0 3000 1 6 6 12
1 16 1 1 1 0 0 581 1 12 12 6
1 17 0 1 0 0 0 3000 3 10 10 12
1 18 0 1 0 0 0 3000 2 1 1 10
1 19 1 1 1 0 0 505 1 10 10 1
1 20 0 1 0 0 0 3000 3 4 4 10
1 21 1 0 0 1 0 3000 1 10 10 4
1 22 1 1 1 0 0 383 1 4 4 10
1 23 0 1 0 0 0 3000 3 5 5 4
1 24 1 1 1 0 0 500 1 4 4 5
1 25 1 1 1 0 0 632 1 5 5 4
2 1 0 1 0 0 0 3000 1 13 13 5
2 2 0 1 0 0 0 3000 3 8 8 13
2 3 0 1 0 0 0 3000 2 5 5 8
2 4 0 1 0 0 0 3000 3 11 11 5
2 5 0 1 0 0 0 3000 2 2 2 11
2 6 1 1 1 0 0 562 1 11 11 2
2 7 0 1 0 0 0 3000 3 15 15 11
2 8 1 1 1 0 0 465 1 11 11 15
2 9 1 1 1 0 0 802 1 15 15 11
2 10 0 1 0 0 0 3000 2 1 1 15
2 11 0 1 0 0 0 3000 2 12 12 1
2 12 0 0 0 0 1 543 3 13 13 12
2 13 1 1 1 0 0 607 1 12 12 13
2 14 1 0 0 1 0 3000 1 13 13 12
2 15 0 1 0 0 0 3000 3 7 7 13
2 16 0 0 0 0 1 635 3 5 5 7
2 17 1 0 0 1 0 3000 1 7 7 5
2 18 0 0 0 0 1 578 3 8 8 7
2 19 0 1 0 0 0 3000 3 11 11 8
2 20 1 1 1 0 0 600 1 8 8 11
2 21 1 0 0 1 0 3000 1 11 11 8
2 22 1 1 1 0 0 477 1 8 8 11
2 23 0 1 0 0 0 3000 3 15 15 8
2 24 1 1 1 0 0 424 1 8 8 15
2 25 0 1 0 0 0 3000 2 3 3 8
3 1 0 1 0 0 0 3000 2 9 9 3
3 2 0 1 0 0 0 3000 1 14 14 9
3 3 0 1 0 0 0 3000 2 7 7 14
3 4 0 1 0 0 0 3000 3 3 3 7
3 5 0 0 0 0 1 544 2 14 14 3
3 6 0 1 0 0 0 3000 2 6 6 14
3 7 0 1 0 0 0 3000 2 3 3 6
3 8 0 1 0 0 0 3000 2 1 1 3
3 9 1 1 1 0 0 508 1 3 3 1
3 10 0 1 0 0 0 3000 3 7 7 3
3 11 0 1 0 0 0 3000 2 10 10 7
3 12 0 1 0 0 0 3000 3 6 6 10
3 13 1 1 1 0 0 592 1 10 10 6
3 14 0 1 0 0 0 3000 3 7 7 10
3 15 1 0 0 1 0 3000 1 10 10 7
3 16 0 1 0 0 0 3000 2 2 2 10
3 17 0 1 0 0 0 3000 2 5 5 2
3 18 0 0 0 0 1 603 3 12 12 5
3 19 0 1 0 0 0 3000 2 2 2 12
3 20 0 0 0 0 1 697 2 2 2 2
3 21 0 1 0 0 0 3000 2 3 3 2
3 22 0 1 0 0 0 3000 3 13 13 3
3 23 0 0 0 0 1 799 3 10 10 13
3 24 0 1 0 0 0 3000 3 4 4 10
3 25 0 1 0 0 0 3000 2 5 5 4
4 1 0 1 0 0 0 3000 2 8 8 5
4 2 0 1 0 0 0 3000 2 12 12 8
4 3 0 1 0 0 0 3000 2 7 7 12
4 4 1 1 1 0 0 700 1 12 12 7
4 5 0 0 0 0 1 627 2 12 12 12
4 6 0 1 0 0 0 3000 3 1 1 12
4 7 0 0 0 0 1 601 2 1 1 1
4 8 0 1 0 0 0 3000 2 14 14 1
4 9 1 0 0 1 0 3000 1 1 1 14
4 10 1 1 1 0 0 582 1 14 14 1
4 11 0 1 0 0 0 3000 3 11 11 14
4 12 1 0 0 1 0 3000 1 14 14 11
4 13 0 1 0 0 0 3000 3 12 12 14
4 14 0 1 0 0 0 3000 3 5 5 12
4 15 0 0 0 0 1 690 2 5 5 5
4 16 0 1 0 0 0 3000 3 15 15 5
4 17 1 1 1 0 0 544 1 5 5 15
4 18 1 1 1 0 0 639 1 15 15 5
4 19 1 1 1 0 0 637 1 5 5 15
4 20 0 1 0 0 0 3000 2 3 3 5
4 21 0 1 0 0 0 3000 3 14 14 3
4 22 0 0 0 0 1 499 2 14 14 14
4 23 1 0 0 1 0 3000 1 14 14 14
4 24 1 0 0 1 0 3000 1 14 14 14
4 25 0 1 0 0 0 3000 2 9 9 14
5 1 0 1 0 0 0 3000 3 11 11 9
5 2 0 1 0 0 0 3000 2 8 8 11
5 3 1 1 1 0 0 586 1 11 11 8
5 4 1 0 0 1 0 3000 1 8 8 11
5 5 1 1 1 0 0 512 1 11 11 8
5 6 1 1 1 0 0 504 1 8 8 11
5 7 0 1 0 0 0 3000 2 7 7 8
5 8 1 1 1 0 0 408 1 8 8 7
5 9 0 1 0 0 0 3000 2 10 10 8
5 10 0 1 0 0 0 3000 2 13 13 10
5 11 0 1 0 0 0 3000 2 15 15 13
5 12 0 1 0 0 0 3000 2 3 3 15
5 13 0 0 0 0 1 460 3 8 8 3
5 14 0 1 0 0 0 3000 3 6 6 8
5 15 0 1 0 0 0 3000 2 15 15 6
5 16 1 0 0 1 0 3000 1 6 6 15
5 17 1 1 1 0 0 465 1 15 15 6
5 18 0 1 0 0 0 3000 2 2 2 15
5 19 0 0 0 0 1 466 2 8 8 2
5 20 0 1 0 0 0 3000 3 13 13 8
5 21 0 1 0 0 0 3000 2 14 14 13
5 22 1 1 1 0 0 635 1 13 13 14
5 23 0 1 0 0 0 3000 2 8 8 13
5 24 0 0 0 0 1 602 3 6 6 8
5 25 1 0 0 1 0 3000 1 8 8 6
