1 1 0 1 0 0 0 3000 2 9 9 0
1 2 0 1 0 0 0 3000 1 8 8 9
1 3 1 0 0 1 0 3000 1 9 9 8
1 4 0 1 0 0 0 3000 2 15 15 9
1 5 0 1 0 0 0 3000 3 3 3 15
1 6 1 0 0 1 0 3000 1 15 15 3
1 7 0 1 0 0 0 3000 2 8 8 15
1 8 0 1 0 0 0 3000 2 4 4 8
1 9 0 1 0 0 0 3000 2 15 15 4
1 10 1 0 0 1 0 3000 1 4 4 15
1 11 0 1 0 0 0 3000 3 12 12 4
1 12 0 1 0 0 0 3000 2 3 3 12
1 13 1 0 0 1 0 3000 1 12 12 3
1 14 0 1 0 0 0 3000 3 4 4 12
1 15 1 0 0 1 0 3000 1 12 12 4
1 16 0 1 0 0 0 3000 3 10 10 12
1 17 0 1 0 0 0 3000 2 15 15 10
1 18 0 1 0 0 0 3000 2 15 15 15
1 19 1 0 0 1 0 3000 1 15 15 15
1 20 1 0 0 1 0 3000 1 15 15 15
1 21 0 1 0 0 0 3000 3 11 11 15
1 22 0 1 0 0 0 3000 3 8 8 11
1 23 0 1 0 0 0 3000 3 6 6 8
1 24 0 1 0 0 0 3000 3 1 1 6
1 25 1 0 0 1 0 3000 1 6 6 1
2 1 0 1 0 0 0 3000 3 9 9 6
2 2 0 1 0 0 0 3000 2 5 5 9
2 3 1 0 0 1 0 3000 1 9 9 5
2 4 1 0 0 1 0 3000 1 5 5 9
2 5 1 0 0 1 0 3000 1 9 9 5
2 6 1 0 0 1 0 3000 1 5 5 9
2 7 0 1 0 0 0 3000 3 6 6 5
2 8 0 1 0 0 0 3000 3 1 1 6
2 9 0 1 0 0 0 3000 3 2 2 1
2 10 1 0 0 1 0 3000 1 1 1 2
2 11 0 1 0 0 0 3000 2 7 7 1
2 12 0 1 0 0 0 3000 3 8 8 7
2 13 1 0 0 1 0 3000 1 7 7 8
2 14 0 1 0 0 0 3000 2 15 15 7
2 15 1 0 0 1 0 3000 1 7 7 15
2 16 0 1 0 0 0 3000 3 2 2 7
2 17 0 1 0 0 0 3000 3 6 6 2
2 18 0 1 0 0 0 3000 3 14 14 6
2 19 1 0 0 1 0 3000 1 6 6 14
2 20 0 1 0 0 0 3000 2 10 10 6
2 21 0 1 0 0 0 3000 2 10 10 10
2 22 1 0 0 1 0 3000 1 10 10 10
2 23 0 1 0 0 0 3000 3 7 7 10
2 24 1 0 0 1 0 3000 1 10 10 7
2 25 0 1 0 0 0 3000 3 12 12 10
3 1 0 1 0 0 0 3000 2 11 11 12
3 2 0 1 0 0 0 3000 3 15 15 11
3 3 0 1 0 0 0 3000 3 5 5 15
3 4 0 1 0 0 0 3000 2 4 4 5
3 5 1 0 0 1 0 3000 1 5 5 4
3 6 0 1 0 0 0 3000 2 8 8 5
3 7 0 1 0 0 0 3000 3 11 11 8
3 8 0 1 0 0 0 3000 3 1 1 11
3 9 0 1 0 0 0 3000 3 12 12 1
3 10 1 0 0 1 0 3000 1 1 1 12
3 11 0 1 0 0 0 3000 2 8 8 1
3 12 0 1 0 0 0 3000 3 12 12 8
3 13 0 1 0 0 0 3000 3 9 9 12
3 14 0 1 0 0 0 3000 2 7 7 9
3 15 0 1 0 0 0 3000 2 15 15 7
3 16 1 0 0 1 0 3000 1 7 7 15
3 17 1 0 0 1 0 3000 1 15 15 7
3 18 0 1 0 0 0 3000 3 9 9 15
3 19 0 1 0 0 0 3000 2 2 2 9
3 20 0 1 0 0 0 3000 3 4 4 2
3 21 0 1 0 0 0 3000 3 6 6 4
3 22 0 1 0 0 0 3000 2 11 11 6
3 23 0 1 0 0 0 3000 2 2 2 11
3 24 0 1 0 0 0 3000 3 3 3 2
3 25 0 1 0 0 0 3000 2 10 10 3
4 1 0 1 0 0 0 3000 2 1 1 10
4 2 0 1 0 0 0 3000 1 15 15 1
4 3 0 1 0 0 0 3000 3 12 12 15
4 4 0 1 0 0 0 3000 3 14 14 12
4 5 0 1 0 0 0 3000 3 11 11 14
4 6 0 1 0 0 0 3000 3 2 2 11
4 7 1 0 0 1 0 3000 1 11 11 2
4 8 1 0 0 1 0 3000 1 2 2 11
4 9 1 0 0 1 0 3000 1 11 11 2
4 10 1 0 0 1 0 3000 1 2 2 11
4 11 1 0 0 1 0 3000 1 11 11 2
4 12 0 1 0 0 0 3000 2 8 8 11
4 13 0 1 0 0 0 3000 2 15 15 8
4 14 0 1 0 0 0 3000 2 14 14 15
4 15 1 0 0 1 0 3000 1 15 15 14
4 16 0 1 0 0 0 3000 2 13 13 15
4 17 0 1 0 0 0 3000 2 2 2 13
4 18 0 1 0 0 0 3000 2 2 2 2
4 19 0 1 0 0 0 3000 3 5 5 2
4 20 0 1 0 0 0 3000 3 11 11 5
4 21 0 1 0 0 0 3000 3 1 1 11
4 22 0 1 0 0 0 3000 3 13 13 1
4 23 0 1 0 0 0 3000 3 7 7 13
4 24 0 1 0 0 0 3000 2 4 4 7
4 25 1 0 0 1 0 3000 1 7 7 4
5 1 0 1 0 0 0 3000 1 6 6 7
5 2 0 1 0 0 0 3000 3 13 13 6
5 3 0 1 0 0 0 3000 2 9 9 13
5 4 0 1 0 0 0 3000 2 12 12 9
5 5 0 1 0 0 0 3000 2 13 13 12
5 6 0 1 0 0 0 3000 2 8 8 13
5 7 1 0 0 1 0 3000 1 13 13 8
5 8 1 0 0 1 0 3000 1 8 8 13
5 9 0 1 0 0 0 3000 3 8 8 8
5 10 1 0 0 1 0 3000 1 8 8 8
5 11 0 1 0 0 0 3000 2 7 7 8
5 12 1 0 0 1 0 3000 1 8 8 7
5 13 0 1 0 0 0 3000 2 1 1 8
5 14 1 0 0 1 0 3000 1 8 8 1
5 15 1 0 0 1 0 3000 1 1 1 8
5 16 0 1 0 0 0 3000 2 5 5 1
5 17 0 1 0 0 0 3000 3 13 13 5
5 18 0 1 0 0 0 3000 3 7 7 13
5 19 0 1 0 0 0 3000 2 2 2 7
5 20 0 1 0 0 0 3000 2 15 15 2
5 21 0 1 0 0 0 3000 2 12 12 15
5 22 0 1 0 0 0 3000 2 2 2 12
5 23 1 0 0 1 0 3000 1 12 12 2
5 24 0 1 0 0 0 3000 2 13 13 12
5 25 0 1 0 0 0 3000 3 3 3 13
