1 1 0 1 0 0 0 3000 3 15 15 0
1 2 0 1 0 0 0 3000 2 2 2 15
1 3 1 1 1 0 0 422 1 15 15 2
1 4 0 1 0 0 0 3000 2 11 11 15
1 5 1 0 0 1 0 3000 1 15 15 11
1 6 1 1 1 0 0 485 1 11 11 15
1 7 0 1 0 0 0 3000 3 1 1 11
1 8 0 1 0 0 0 3000 3 7 7 1
1 9 0 1 0 0 0 3000 2 7 7 7
1 10 1 1 1 0 0 557 1 7 7 7
1 11 1 0 0 1 0 3000 1 7 7 7
1 12 1 1 1 0 0 2572 1 7 7 7
1 13 1 0 0 1 0 3000 1 7 7 7
1 14 1 0 0 1 0 3000 1 7 7 7
1 15 0 1 0 0 0 3000 2 2 2 7
1 16 1 1 1 0 0 440 1 7 7 2
1 17 1 0 0 1 0 3000 1 2 2 7
1 18 1 0 0 1 0 3000 1 7 7 2
1 19 0 1 0 0 0 3000 2 9 9 7
1 20 0 1 0 0 0 3000 3 5 5 9
1 21 1 1 1 0 0 1197 1 9 9 5
1 22 0 1 0 0 0 3000 3 15 15 9
1 23 1 0 0 1 0 3000 1 9 9 15
1 24 1 1 1 0 0 728 1 15 15 9
1 25 1 0 0 1 0 3000 1 9 9 15
2 1 0 1 0 0 0 3000 3 6 6 9
2 2 0 1 0 0 0 3000 3 12 12 6
2 3 0 1 0 0 0 3000 3 8 8 12
2 4 1 1 1 0 0 327 1 12 12 8
2 5 0 1 0 0 0 3000 2 7 7 12
2 6 0 1 0 0 0 3000 2 3 3 7
2 7 0 1 0 0 0 3000 3 14 14 3
2 8 0 0 0 0 1 529 2 7 7 14
2 9 0 1 0 0 0 3000 3 3 3 7
2 10 1 0 0 1 0 3000 1 7 7 3
2 11 0 1 0 0 0 3000 2 6 6 7
2 12 0 1 0 0 0 3000 3 13 13 6
2 13 1 1 1 0 0 1050 1 6 6 13
2 14 1 1 1 0 0 2586 1 13 13 6
2 15 0 0 0 0 1 1193 2 13 13 13
2 16 0 1 0 0 0 3000 3 1 1 13
2 17 0 1 0 0 0 3000 3 9 9 1
2 18 1 1 1 0 0 493 1 1 1 9
2 19 1 1 1 0 0 859 1 9 9 1
2 20 0 1 0 0 0 3000 3 10 10 9
2 21 0 1 0 0 0 3000 3 6 6 10
2 22 1 1 1 0 0 421 1 10 10 6
2 23 1 0 0 1 0 3000 1 6 6 10
2 24 0 0 0 0 1 36 2 9 9 6
2 25 1 0 0 1 0 3000 1 6 6 9
3 1 0 1 0 0 0 3000 2 3 3 6
3 2 0 1 0 0 0 3000 3 9 9 3
3 3 0 1 0 0 0 3000 3 4 4 9
3 4 0 1 0 0 0 3000 2 2 2 4
3 5 1 1 1 0 0 615 1 4 4 2
3 6 1 1 1 0 0 918 1 2 2 4
3 7 1 1 1 0 0 789 1 4 4 2
3 8 0 1 0 0 0 3000 2 12 12 4
3 9 0 1 0 0 0 3000 3 12 12 12
3 10 0 1 0 0 0 3000 2 11 11 12
3 11 0 1 0 0 0 3000 2 3 3 11
3 12 0 0 0 0 1 488 3 3 3 3
3 13 0 1 0 0 0 3000 2 1 1 3
3 14 1 1 1 0 0 635 1 3 3 1
3 15 1 1 1 0 0 739 1 1 1 3
3 16 0 1 0 0 0 3000 3 11 11 1
3 17 0 1 0 0 0 3000 3 8 8 11
3 18 0 1 0 0 0 3000 2 15 15 8
3 19 1 1 1 0 0 767 1 8 8 15
3 20 0 0 0 0 1 1830 3 11 11 8
3 21 0 1 0 0 0 3000 2 1 1 11
3 22 1 0 0 1 0 3000 1 11 11 1
3 23 1 1 1 0 0 723 1 1 1 11
3 24 1 1 1 0 0 786 1 11 11 1
3 25 0 1 0 0 0 3000 2 10 10 11
4 1 0 1 0 0 0 3000 1 6 6 10
4 2 0 1 0 0 0 3000 1 3 3 6
4 3 1 1 1 0 0 331 1 6 6 3
4 4 0 1 0 0 0 3000 2 13 13 6
4 5 0 1 0 0 0 3000 3 3 3 13
4 6 0 0 0 0 1 564 2 3 3 3
4 7 0 1 0 0 0 3000 2 1 1 3
4 8 0 1 0 0 0 3000 3 9 9 1
4 9 0 1 0 0 0 3000 3 9 9 9
4 10 1 1 1 0 0 449 1 9 9 9
4 11 1 1 1 0 0 1180 1 9 9 9
4 12 0 1 0 0 0 3000 2 5 5 9
4 13 0 1 0 0 0 3000 2 12 12 5
4 14 0 1 0 0 0 3000 3 8 8 12
4 15 0 0 0 0 1 582 3 8 8 8
4 16 0 0 0 0 1 630 2 12 12 8
4 17 1 0 0 1 0 3000 1 8 8 12
4 18 0 1 0 0 0 3000 2 7 7 8
4 19 1 1 1 0 0 355 1 8 8 7
4 20 0 1 0 0 0 3000 3 9 9 8
4 21 0 0 0 0 1 380 2 7 7 9
4 22 1 1 1 0 0 1444 1 9 9 7
4 23 0 1 0 0 0 3000 3 8 8 9
4 24 0 1 0 0 0 3000 2 1 1 8
4 25 0 1 0 0 0 3000 2 13 13 1
5 1 0 1 0 0 0 3000 1 10 10 13
5 2 0 1 0 0 0 3000 1 5 5 10
5 3 1 1 1 0 0 349 1 10 10 5
5 4 0 1 0 0 0 3000 2 2 2 10
5 5 0 1 0 0 0 3000 3 13 13 2
5 6 0 1 0 0 0 3000 3 15 15 13
5 7 1 1 1 0 0 797 1 13 13 15
5 8 0 1 0 0 0 3000 3 7 7 13
5 9 1 1 1 0 0 363 1 13 13 7
5 10 1 0 0 1 0 3000 1 7 7 13
5 11 1 1 1 0 0 1056 1 13 13 7
5 12 1 1 1 0 0 986 1 7 7 13
5 13 1 0 0 1 0 3000 1 13 13 7
5 14 0 1 0 0 0 3000 3 3 3 13
5 15 0 0 0 0 1 532 3 3 3 3
5 16 0 1 0 0 0 3000 2 15 15 3
5 17 0 1 0 0 0 3000 3 6 6 15
5 18 1 1 1 0 0 618 1 15 15 6
5 19 1 1 1 0 0 971 1 6 6 15
5 20 0 1 0 0 0 3000 3 12 12 6
5 21 0 1 0 0 0 3000 3 4 4 12
5 22 1 1 1 0 0 397 1 12 12 4
5 23 1 1 1 0 0 515 1 4 4 12
5 24 0 1 0 0 0 3000 3 14 14 4
5 25 0 1 0 0 0 3000 2 9 9 14
