1 1 0 1 0 0 0 3000 3 5 5 0
1 2 0 1 0 0 0 3000 3 12 12 5
1 3 0 1 0 0 0 3000 3 15 15 12
1 4 1 0 0 1 0 3000 1 12 12 15
1 5 0 1 0 0 0 3000 3 9 9 12
1 6 0 1 0 0 0 3000 3 13 13 9
1 7 0 1 0 0 0 3000 2 7 7 13
1 8 1 1 1 0 0 607 1 13 13 7
1 9 0 1 0 0 0 3000 3 3 3 13
1 10 0 1 0 0 0 3000 2 9 9 3
1 11 0 1 0 0 0 3000 2 15 15 9
1 12 1 1 1 0 0 628 1 9 9 15
1 13 1 0 0 1 0 3000 1 15 15 9
1 14 0 1 0 0 0 3000 3 3 3 15
1 15 0 1 0 0 0 3000 2 6 6 3
1 16 0 1 0 0 0 3000 3 8 8 6
1 17 0 1 0 0 0 3000 2 2 2 8
1 18 0 1 0 0 0 3000 2 10 10 2
1 19 0 1 0 0 0 3000 3 3 3 10
1 20 0 1 0 0 0 3000 3 6 6 3
1 21 1 1 1 0 0 434 1 3 3 6
1 22 1 0 0 1 0 3000 1 6 6 3
1 23 0 1 0 0 0 3000 2 9 9 6
1 24 0 1 0 0 0 3000 2 9 9 9
1 25 0 1 0 0 0 3000 3 10 10 9
2 1 0 1 0 0 0 3000 1 11 11 10
2 2 0 1 0 0 0 3000 2 15 15 11
2 3 0 1 0 0 0 3000 3 7 7 15
2 4 0 1 0 0 0 3000 2 9 9 7
2 5 1 1 1 0 0 539 1 7 7 9
2 6 0 1 0 0 0 3000 2 11 11 7
2 7 1 0 0 1 0 3000 1 7 7 11
2 8 0 1 0 0 0 3000 3 5 5 7
2 9 0 1 0 0 0 3000 2 12 12 5
2 10 0 1 0 0 0 3000 2 8 8 12
2 11 1 1 1 0 0 492 1 12 12 8
2 12 1 0 0 1 0 3000 1 8 8 12
2 13 1 0 0 1 0 3000 1 12 12 8
2 14 1 1 1 0 0 535 1 8 8 12
2 15 0 1 0 0 0 3000 3 5 5 8
2 16 0 1 0 0 0 3000 2 3 3 5
2 17 1 1 1 0 0 436 1 5 5 3
2 18 0 1 0 0 0 3000 3 2 2 5
2 19 0 1 0 0 0 3000 3 10 10 2
2 20 0 1 0 0 0 3000 2 4 4 10
2 21 0 1 0 0 0 3000 2 7 7 4
2 22 0 1 0 0 0 3000 2 3 3 7
2 23 0 1 0 0 0 3000 3 14 14 3
2 24 1 1 1 0 0 381 1 3 3 14
2 25 1 0 0 1 0 3000 1 14 14 3
3 1 0 1 0 0 0 3000 2 9 9 14
3 2 0 1 0 0 0 3000 3 8 8 9
3 3 0 1 0 0 0 3000 2 11 11 8
3 4 1 1 1 0 0 897 1 8 8 11
3 5 1 0 0 1 0 3000 1 11 11 8
3 6 0 1 0 0 0 3000 3 2 2 11
3 7 0 1 0 0 0 3000 2 13 13 2
3 8 0 1 0 0 0 3000 2 10 10 13
3 9 0 1 0 0 0 3000 3 3 3 10
3 10 1 1 1 0 0 378 1 10 10 3
3 11 0 1 0 0 0 3000 3 6 6 10
3 12 0 1 0 0 0 3000 2 1 1 6
3 13 0 1 0 0 0 3000 3 7 7 1
3 14 0 1 0 0 0 3000 2 3 3 7
3 15 0 1 0 0 0 3000 3 6 6 3
3 16 0 1 0 0 0 3000 3 11 11 6
3 17 1 1 1 0 0 402 1 6 6 11
3 18 1 0 0 1 0 3000 1 11 11 6
3 19 1 1 1 0 0 601 1 6 6 11
3 20 1 0 0 1 0 3000 1 11 11 6
3 21 1 1 1 0 0 458 1 6 6 11
3 22 1 1 1 0 0 470 1 11 11 6
3 23 0 1 0 0 0 3000 2 4 4 11
3 24 0 1 0 0 0 3000 2 2 2 4
3 25 1 1 1 0 0 475 1 4 4 2
4 1 0 1 0 0 0 3000 3 14 14 4
4 2 0 1 0 0 0 3000 1 14 14 14
4 3 0 1 0 0 0 3000 3 15 15 14
4 4 1 1 1 0 0 423 1 14 14 15
4 5 1 0 0 1 0 3000 1 15 15 14
4 6 1 1 1 0 0 365 1 14 14 15
4 7 1 1 1 0 0 405 1 15 15 14
4 8 0 1 0 0 0 3000 2 4 4 15
4 9 1 1 1 0 0 369 1 15 15 4
4 10 0 1 0 0 0 3000 3 7 7 15
4 11 1 1 1 0 0 792 1 15 15 7
4 12 0 1 0 0 0 3000 2 5 5 15
4 13 1 1 1 0 0 372 1 15 15 5
4 14 0 1 0 0 0 3000 3 13 13 15
4 15 0 1 0 0 0 3000 2 11 11 13
4 16 0 1 0 0 0 3000 2 2 2 11
4 17 0 1 0 0 0 3000 3 7 7 2
4 18 0 0 0 0 1 709 3 11 11 7
4 19 0 1 0 0 0 3000 2 10 10 11
4 20 0 1 0 0 0 3000 3 15 15 10
4 21 0 1 0 0 0 3000 2 9 9 15
4 22 0 1 0 0 0 3000 2 11 11 9
4 23 0 1 0 0 0 3000 2 7 7 11
4 24 0 1 0 0 0 3000 3 10 10 7
4 25 0 1 0 0 0 3000 3 4 4 10
5 1 0 1 0 0 0 3000 2 9 9 4
5 2 0 1 0 0 0 3000 2 13 13 9
5 3 1 1 1 0 0 429 1 9 9 13
5 4 1 1 1 0 0 396 1 13 13 9
5 5 0 1 0 0 0 3000 2 6 6 13
5 6 1 1 1 0 0 757 1 13 13 6
5 7 0 1 0 0 0 3000 2 2 2 13
5 8 0 1 0 0 0 3000 3 9 9 2
5 9 0 1 0 0 0 3000 3 11 11 9
5 10 0 1 0 0 0 3000 3 12 12 11
5 11 1 1 1 0 0 360 1 11 11 12
5 12 1 1 1 0 0 464 1 12 12 11
5 13 0 1 0 0 0 3000 3 3 3 12
5 14 0 1 0 0 0 3000 3 14 14 3
5 15 1 1 1 0 0 484 1 3 3 14
5 16 1 1 1 0 0 410 1 14 14 3
5 17 0 1 0 0 0 3000 3 9 9 14
5 18 1 1 1 0 0 462 1 14 14 9
5 19 0 1 0 0 0 3000 2 5 5 14
5 20 0 1 0 0 0 3000 2 7 7 5
5 21 1 1 1 0 0 461 1 5 5 7
5 22 0 1 0 0 0 3000 2 11 11 5
5 23 1 1 1 0 0 669 1 5 5 11
5 24 0 1 0 0 0 3000 2 7 7 5
5 25 1 1 1 0 0 429 1 5 5 7
