1 1 0 1 0 0 0 3000 3 14 14 0
1 2 0 1 0 0 0 3000 2 1 1 14
1 3 0 1 0 0 0 3000 3 10 10 1
1 4 0 1 0 0 0 3000 3 6 6 10
1 5 0 1 0 0 0 3000 2 12 12 6
1 6 0 1 0 0 0 3000 3 1 1 12
1 7 1 1 1 0 0 593 1 12 12 1
1 8 0 1 0 0 0 3000 2 3 3 12
1 9 0 1 0 0 0 3000 3 14 14 3
1 10 0 1 0 0 0 3000 3 7 7 14
1 11 1 1 1 0 0 622 1 14 14 7
1 12 0 1 0 0 0 3000 3 5 5 14
1 13 1 0 0 1 0 3000 1 14 14 5
1 14 0 1 0 0 0 3000 2 8 8 14
1 15 1 1 1 0 0 616 1 14 14 8
1 16 0 1 0 0 0 3000 2 5 5 14
1 17 1 0 0 1 0 3000 1 14 14 5
1 18 0 1 0 0 0 3000 3 15 15 14
1 19 0 1 0 0 0 3000 2 9 9 15
1 20 1 1 1 0 0 482 1 15 15 9
1 21 0 1 0 0 0 3000 3 5 5 15
1 22 0 1 0 0 0 3000 2 1 1 5
1 23 0 1 0 0 0 3000 3 13 13 1
1 24 0 1 0 0 0 3000 2 13 13 13
1 25 1 1 1 0 0 730 1 13 13 13
2 1 0 1 0 0 0 3000 2 7 7 13
2 2 0 1 0 0 0 3000 2 7 7 7
2 3 1 1 1 0 0 354 1 7 7 7
2 4 1 0 0 1 0 3000 1 7 7 7
2 5 0 1 0 0 0 3000 3 11 11 7
2 6 0 1 0 0 0 3000 2 2 2 11
2 7 1 1 1 0 0 412 1 11 11 2
2 8 1 0 0 1 0 3000 1 2 2 11
2 9 1 0 0 1 0 3000 1 11 11 2
2 10 0 1 0 0 0 3000 3 5 5 11
2 11 0 1 0 0 0 3000 3 6 6 5
2 12 0 1 0 0 0 3000 2 13 13 6
2 13 0 1 0 0 0 3000 3 15 15 13
2 14 0 1 0 0 0 3000 2 7 7 15
2 15 1 1 1 0 0 602 1 15 15 7
2 16 1 0 0 1 0 3000 1 7 7 15
2 17 0 1 0 0 0 3000 3 14 14 7
2 18 0 0 0 0 1 1159 2 14 14 14
2 19 0 1 0 0 0 3000 3 10 10 14
2 20 0 1 0 0 0 3000 2 8 8 10
2 21 0 1 0 0 0 3000 2 13 13 8
2 22 1 1 1 0 0 421 1 8 8 13
2 23 1 0 0 1 0 3000 1 13 13 8
2 24 1 0 0 1 0 3000 1 8 8 13
2 25 1 1 1 0 0 321 1 13 13 8
3 1 0 1 0 0 0 3000 2 1 1 13
3 2 0 1 0 0 0 3000 1 7 7 1
3 3 0 1 0 0 0 3000 3 8 8 7
3 4 0 1 0 0 0 3000 2 12 12 8
3 5 0 1 0 0 0 3000 3 10 10 12
3 6 0 0 0 0 1 1251 3 7 7 10
3 7 0 1 0 0 0 3000 2 15 15 7
3 8 1 0 0 1 0 3000 1 7 7 15
3 9 0 1 0 0 0 3000 3 12 12 7
3 10 1 1 1 0 0 1510 1 7 7 12
3 11 0 1 0 0 0 3000 2 1 1 7
3 12 0 1 0 0 0 3000 2 5 5 1
3 13 0 1 0 0 0 3000 2 15 15 5
3 14 0 1 0 0 0 3000 3 13 13 15
3 15 0 0 0 0 1 969 2 13 13 13
3 16 1 0 0 1 0 3000 1 13 13 13
3 17 1 0 0 1 0 3000 1 13 13 13
3 18 0 1 0 0 0 3000 2 4 4 13
3 19 1 1 1 0 0 428 1 13 13 4
3 20 0 1 0 0 0 3000 3 10 10 13
3 21 0 1 0 0 0 3000 3 7 7 10
3 22 1 1 1 0 0 811 1 10 10 7
3 23 0 1 0 0 0 3000 2 1 1 10
3 24 0 1 0 0 0 3000 2 14 14 1
3 25 1 1 1 0 0 471 1 1 1 14
4 1 0 1 0 0 0 3000 1 7 7 1
4 2 0 1 0 0 0 3000 1 10 10 7
4 3 0 1 0 0 0 3000 2 2 2 10
4 4 1 1 1 0 0 485 1 10 10 2
4 5 0 1 0 0 0 3000 3 3 3 10
4 6 0 1 0 0 0 3000 2 4 4 3
4 7 0 1 0 0 0 3000 2 11 11 4
4 8 1 1 1 0 0 550 1 4 4 11
4 9 0 1 0 0 0 3000 2 8 8 4
4 10 1 0 0 1 0 3000 1 4 4 8
4 11 0 1 0 0 0 3000 2 2 2 4
4 12 0 1 0 0 0 3000 2 14 14 2
4 13 1 1 1 0 0 321 1 2 2 14
4 14 0 1 0 0 0 3000 3 2 2 2
4 15 0 1 0 0 0 3000 2 8 8 2
4 16 1 1 1 0 0 305 1 2 2 8
4 17 1 0 0 1 0 3000 1 8 8 2
4 18 0 1 0 0 0 3000 2 4 4 8
4 19 1 1 1 0 0 338 1 8 8 4
4 20 0 1 0 0 0 3000 2 12 12 8
4 21 0 1 0 0 0 3000 3 14 14 12
4 22 0 1 0 0 0 3000 3 8 8 14
4 23 0 1 0 0 0 3000 3 1 1 8
4 24 1 1 1 0 0 339 1 8 8 1
4 25 0 1 0 0 0 3000 3 2 2 8
5 1 0 1 0 0 0 3000 3 9 9 2
5 2 0 1 0 0 0 3000 3 14 14 9
5 3 1 1 1 0 0 620 1 9 9 14
5 4 0 1 0 0 0 3000 2 15 15 9
5 5 0 1 0 0 0 3000 3 3 3 15
5 6 0 1 0 0 0 3000 2 9 9 3
5 7 0 1 0 0 0 3000 3 10 10 9
5 8 0 1 0 0 0 3000 2 12 12 10
5 9 0 1 0 0 0 3000 2 14 14 12
5 10 0 1 0 0 0 3000 2 14 14 14
5 11 1 1 1 0 0 588 1 14 14 14
5 12 1 0 0 1 0 3000 1 14 14 14
5 13 0 1 0 0 0 3000 3 1 1 14
5 14 0 1 0 0 0 3000 3 11 11 1
5 15 0 1 0 0 0 3000 2 8 8 11
5 16 1 1 1 0 0 391 1 11 11 8
5 17 0 1 0 0 0 3000 3 3 3 11
5 18 1 0 0 1 0 3000 1 11 11 3
5 19 0 1 0 0 0 3000 3 9 9 11
5 20 0 1 0 0 0 3000 3 7 7 9
5 21 0 1 0 0 0 3000 2 11 11 7
5 22 1 1 1 0 0 352 1 7 7 11
5 23 0 1 0 0 0 3000 2 15 15 7
5 24 1 0 0 1 0 3000 1 7 7 15
5 25 1 1 1 0 0 347 1 15 15 7
