1 1 0 1 0 0 0 3000 1 5 5 0
1 2 0 1 0 0 0 3000 2 2 2 5
1 3 0 1 0 0 0 3000 3 11 11 2
1 4 0 1 0 0 0 3000 3 8 8 11
1 5 0 1 0 0 0 3000 3 12 12 8
1 6 1 0 0 1 0 3000 1 8 8 12
1 7 0 0 0 0 1 1170 3 2 2 8
1 8 1 1 1 0 0 784 1 8 8 2
1 9 0 1 0 0 0 3000 3 5 5 8
1 10 0 1 0 0 0 3000 3 9 9 5
1 11 0 0 0 0 1 1143 3 8 8 9
1 12 0 1 0 0 0 3000 3 11 11 8
1 13 0 1 0 0 0 3000 2 1 1 11
1 14 1 0 0 1 0 3000 1 11 11 1
1 15 0 1 0 0 0 3000 2 3 3 11
1 16 1 1 1 0 0 1218 1 11 11 3
1 17 0 1 0 0 0 3000 2 14 14 11
1 18 0 1 0 0 0 3000 2 5 5 14
1 19 0 1 0 0 0 3000 3 1 1 5
1 20 0 1 0 0 0 3000 3 8 8 1
1 21 0 1 0 0 0 3000 2 5 5 8
1 22 0 1 0 0 0 3000 2 14 14 5
1 23 0 1 0 0 0 3000 2 3 3 14
1 24 0 1 0 0 0 3000 2 8 8 3
1 25 0 1 0 0 0 3000 2 10 10 8
2 1 0 1 0 0 0 3000 2 7 7 10
2 2 0 1 0 0 0 3000 1 2 2 7
2 3 0 1 0 0 0 3000 2 13 13 2
2 4 0 1 0 0 0 3000 3 1 1 13
2 5 0 1 0 0 0 3000 3 4 4 1
2 6 0 1 0 0 0 3000 3 5 5 4
2 7 0 1 0 0 0 3000 3 6 6 5
2 8 0 1 0 0 0 3000 3 7 7 6
2 9 1 1 1 0 0 1722 1 6 6 7
2 10 0 1 0 0 0 3000 3 12 12 6
2 11 0 1 0 0 0 3000 2 12 12 12
2 12 1 1 1 0 0 758 1 12 12 12
2 13 0 1 0 0 0 3000 3 10 10 12
2 14 1 1 1 0 0 1212 1 12 12 10
2 15 0 1 0 0 0 3000 2 14 14 12
2 16 0 1 0 0 0 3000 2 15 15 14
2 17 0 1 0 0 0 3000 2 10 10 15
2 18 0 1 0 0 0 3000 3 8 8 10
2 19 1 1 1 0 0 702 1 10 10 8
2 20 0 1 0 0 0 3000 3 3 3 10
2 21 0 1 0 0 0 3000 2 7 7 3
2 22 0 1 0 0 0 3000 3 6 6 7
2 23 0 1 0 0 0 3000 2 15 15 6
2 24 1 1 1 0 0 841 1 6 6 15
2 25 0 1 0 0 0 3000 3 4 4 6
3 1 0 1 0 0 0 3000 3 15 15 4
3 2 0 1 0 0 0 3000 3 15 15 15
3 3 0 1 0 0 0 3000 2 13 13 15
3 4 0 1 0 0 0 3000 3 9 9 13
3 5 1 1 1 0 0 910 1 13 13 9
3 6 0 1 0 0 0 3000 3 15 15 13
3 7 0 1 0 0 0 3000 2 12 12 15
3 8 0 1 0 0 0 3000 2 3 3 12
3 9 0 1 0 0 0 3000 2 13 13 3
3 10 0 1 0 0 0 3000 2 8 8 13
3 11 0 1 0 0 0 3000 3 7 7 8
3 12 0 1 0 0 0 3000 2 1 1 7
3 13 0 1 0 0 0 3000 3 4 4 1
3 14 0 1 0 0 0 3000 2 10 10 4
3 15 0 1 0 0 0 3000 3 11 11 10
3 16 0 1 0 0 0 3000 2 12 12 11
3 17 0 1 0 0 0 3000 3 4 4 12
3 18 1 1 1 0 0 1049 1 12 12 4
3 19 0 1 0 0 0 3000 2 2 2 12
3 20 1 1 1 0 0 1218 1 12 12 2
3 21 0 1 0 0 0 3000 3 4 4 12
3 22 0 1 0 0 0 3000 2 10 10 4
3 23 1 1 1 0 0 652 1 4 4 10
3 24 0 1 0 0 0 3000 3 6 6 4
3 25 0 1 0 0 0 3000 3 13 13 6
4 1 0 1 0 0 0 3000 2 3 3 13
4 2 0 1 0 0 0 3000 1 14 14 3
4 3 1 1 1 0 0 501 1 3 3 14
4 4 1 1 1 0 0 970 1 14 14 3
4 5 1 1 1 0 0 1025 1 3 3 14
4 6 0 1 0 0 0 3000 3 12 12 3
4 7 1 1 1 0 0 557 1 3 3 12
4 8 0 1 0 0 0 3000 3 6 6 3
4 9 0 1 0 0 0 3000 3 4 4 6
4 10 0 1 0 0 0 3000 2 11 11 4
4 11 1 1 1 0 0 769 1 4 4 11
4 12 1 1 1 0 0 666 1 11 11 4
4 13 0 1 0 0 0 3000 2 8 8 11
4 14 1 1 1 0 0 687 1 11 11 8
4 15 0 1 0 0 0 3000 2 4 4 11
4 16 1 1 1 0 0 478 1 11 11 4
4 17 0 1 0 0 0 3000 3 12 12 11
4 18 0 1 0 0 0 3000 2 12 12 12
4 19 0 1 0 0 0 3000 3 5 5 12
4 20 0 1 0 0 0 3000 3 4 4 5
4 21 1 1 1 0 0 748 1 5 5 4
4 22 0 0 0 0 1 1108 2 6 6 5
4 23 1 1 1 0 0 995 1 5 5 6
4 24 0 1 0 0 0 3000 2 1 1 5
4 25 0 1 0 0 0 3000 3 6 6 1
5 1 0 1 0 0 0 3000 3 13 13 6
5 2 0 1 0 0 0 3000 1 1 1 13
5 3 0 1 0 0 0 3000 2 4 4 1
5 4 1 1 1 0 0 746 1 1 1 4
5 5 1 1 1 0 0 424 1 4 4 1
5 6 0 1 0 0 0 3000 2 15 15 4
5 7 0 1 0 0 0 3000 2 12 12 15
5 8 0 1 0 0 0 3000 2 6 6 12
5 9 0 1 0 0 0 3000 3 8 8 6
5 10 0 1 0 0 0 3000 3 14 14 8
5 11 0 1 0 0 0 3000 3 6 6 14
5 12 0 1 0 0 0 3000 2 1 1 6
5 13 0 1 0 0 0 3000 3 7 7 1
5 14 0 1 0 0 0 3000 3 6 6 7
5 15 0 1 0 0 0 3000 3 6 6 6
5 16 0 1 0 0 0 3000 2 2 2 6
5 17 0 1 0 0 0 3000 2 5 5 2
5 18 1 1 1 0 0 658 1 2 2 5
5 19 0 1 0 0 0 3000 3 9 9 2
5 20 1 1 1 0 0 745 1 2 2 9
5 21 0 1 0 0 0 3000 2 15 15 2
5 22 1 1 1 0 0 768 1 2 2 15
5 23 0 1 0 0 0 3000 3 13 13 2
5 24 0 1 0 0 0 3000 2 10 10 13
5 25 0 1 0 0 0 3000 3 6 6 10
