1 1 0 1 0 0 0 3000 3 12 12 0
1 2 0 1 0 0 0 3000 2 13 13 12
1 3 0 1 0 0 0 3000 3 9 9 13
1 4 1 1 1 0 0 1660 1 13 13 9
1 5 0 1 0 0 0 3000 3 5 5 13
1 6 0 1 0 0 0 3000 3 12 12 5
1 7 0 1 0 0 0 3000 2 14 14 12
1 8 0 1 0 0 0 3000 2 13 13 14
1 9 0 1 0 0 0 3000 3 1 1 13
1 10 0 1 0 0 0 3000 2 3 3 1
1 11 0 1 0 0 0 3000 3 2 2 3
1 12 0 1 0 0 0 3000 2 13 13 2
1 13 1 1 1 0 0 395 1 2 2 13
1 14 1 0 0 1 0 3000 1 13 13 2
1 15 1 1 1 0 0 1672 1 2 2 13
1 16 0 1 0 0 0 3000 2 2 2 2
1 17 0 1 0 0 0 3000 3 8 8 2
1 18 0 1 0 0 0 3000 2 6 6 8
1 19 0 1 0 0 0 3000 3 9 9 6
1 20 0 1 0 0 0 3000 2 12 12 9
1 21 0 1 0 0 0 3000 3 4 4 12
1 22 0 1 0 0 0 3000 2 8 8 4
1 23 1 1 1 0 0 322 1 4 4 8
1 24 0 1 0 0 0 3000 2 14 14 4
1 25 0 1 0 0 0 3000 2 2 2 14
2 1 0 1 0 0 0 3000 1 15 15 2
2 2 0 1 0 0 0 3000 1 1 1 15
2 3 0 1 0 0 0 3000 3 5 5 1
2 4 1 1 1 0 0 476 1 1 1 5
2 5 1 1 1 0 0 2774 1 5 5 1
2 6 0 1 0 0 0 3000 2 10 10 5
2 7 0 1 0 0 0 3000 2 11 11 10
2 8 1 1 1 0 0 362 1 10 10 11
2 9 1 0 0 1 0 3000 1 11 11 10
2 10 0 1 0 0 0 3000 2 3 3 11
2 11 0 1 0 0 0 3000 2 1 1 3
2 12 0 1 0 0 0 3000 2 12 12 1
2 13 0 1 0 0 0 3000 3 9 9 12
2 14 0 1 0 0 0 3000 3 3 3 9
2 15 0 1 0 0 0 3000 2 7 7 3
2 16 0 1 0 0 0 3000 3 6 6 7
2 17 0 1 0 0 0 3000 2 2 2 6
2 18 0 1 0 0 0 3000 2 2 2 2
2 19 0 1 0 0 0 3000 2 15 15 2
2 20 0 1 0 0 0 3000 3 12 12 15
2 21 0 1 0 0 0 3000 2 5 5 12
2 22 0 1 0 0 0 3000 2 11 11 5
2 23 0 1 0 0 0 3000 3 11 11 11
2 24 0 1 0 0 0 3000 2 6 6 11
2 25 0 1 0 0 0 3000 2 12 12 6
3 1 0 1 0 0 0 3000 2 14 14 12
3 2 0 1 0 0 0 3000 2 10 10 14
3 3 0 1 0 0 0 3000 2 3 3 10
3 4 0 1 0 0 0 3000 3 8 8 3
3 5 0 1 0 0 0 3000 2 10 10 8
3 6 1 1 1 0 0 406 1 8 8 10
3 7 0 1 0 0 0 3000 3 1 1 8
3 8 0 1 0 0 0 3000 3 5 5 1
3 9 0 1 0 0 0 3000 3 14 14 5
3 10 0 1 0 0 0 3000 3 4 4 14
3 11 0 1 0 0 0 3000 2 12 12 4
3 12 0 1 0 0 0 3000 3 1 1 12
3 13 0 1 0 0 0 3000 2 4 4 1
3 14 1 1 1 0 0 630 1 1 1 4
3 15 1 1 1 0 0 1108 1 4 4 1
3 16 1 1 1 0 0 853 1 1 1 4
3 17 1 1 1 0 0 465 1 4 4 1
3 18 0 1 0 0 0 3000 2 7 7 4
3 19 1 1 1 0 0 773 1 4 4 7
3 20 0 1 0 0 0 3000 2 9 9 4
3 21 0 1 0 0 0 3000 2 2 2 9
3 22 1 1 1 0 0 858 1 9 9 2
3 23 0 1 0 0 0 3000 2 14 14 9
3 24 0 1 0 0 0 3000 3 1 1 14
3 25 1 1 1 0 0 320 1 14 14 1
4 1 0 1 0 0 0 3000 1 8 8 14
4 2 0 1 0 0 0 3000 2 2 2 8
4 3 0 1 0 0 0 3000 2 2 2 2
4 4 1 1 1 0 0 463 1 2 2 2
4 5 0 1 0 0 0 3000 3 1 1 2
4 6 0 1 0 0 0 3000 3 3 3 1
4 7 0 1 0 0 0 3000 3 8 8 3
4 8 1 1 1 0 0 283 1 3 3 8
4 9 1 1 1 0 0 319 1 8 8 3
4 10 1 1 1 0 0 548 1 3 3 8
4 11 0 1 0 0 0 3000 2 14 14 3
4 12 0 1 0 0 0 3000 2 4 4 14
4 13 0 1 0 0 0 3000 2 5 5 4
4 14 0 1 0 0 0 3000 3 10 10 5
4 15 1 1 1 0 0 518 1 5 5 10
4 16 0 1 0 0 0 3000 2 15 15 5
4 17 0 1 0 0 0 3000 3 11 11 15
4 18 1 1 1 0 0 370 1 15 15 11
4 19 0 1 0 0 0 3000 2 14 14 15
4 20 0 1 0 0 0 3000 2 6 6 14
4 21 1 1 1 0 0 478 1 14 14 6
4 22 0 1 0 0 0 3000 3 4 4 14
4 23 1 1 1 0 0 407 1 14 14 4
4 24 0 1 0 0 0 3000 3 9 9 14
4 25 0 1 0 0 0 3000 2 15 15 9
5 1 0 1 0 0 0 3000 1 14 14 15
5 2 0 1 0 0 0 3000 2 8 8 14
5 3 0 1 0 0 0 3000 3 6 6 8
5 4 1 1 1 0 0 599 1 8 8 6
5 5 0 1 0 0 0 3000 2 7 7 8
5 6 0 1 0 0 0 3000 3 5 5 7
5 7 1 1 1 0 0 525 1 7 7 5
5 8 0 1 0 0 0 3000 2 11 11 7
5 9 0 1 0 0 0 3000 3 1 1 11
5 10 0 1 0 0 0 3000 3 8 8 1
5 11 0 1 0 0 0 3000 3 14 14 8
5 12 1 1 1 0 0 367 1 8 8 14
5 13 0 1 0 0 0 3000 2 7 7 8
5 14 1 1 1 0 0 347 1 8 8 7
5 15 1 1 1 0 0 405 1 7 7 8
5 16 0 1 0 0 0 3000 2 14 14 7
5 17 0 1 0 0 0 3000 2 2 2 14
5 18 0 1 0 0 0 3000 3 4 4 2
5 19 1 1 1 0 0 357 1 2 2 4
5 20 0 1 0 0 0 3000 3 12 12 2
5 21 0 1 0 0 0 3000 2 15 15 12
5 22 0 1 0 0 0 3000 3 5 5 15
5 23 0 1 0 0 0 3000 2 3 3 5
5 24 0 1 0 0 0 3000 2 1 1 3
5 25 0 1 0 0 0 3000 3 13 13 1
