1 1 0 1 0 0 0 3000 1 5 5 0
1 2 0 1 0 0 0 3000 1 13 13 5
1 3 0 1 0 0 0 3000 2 12 12 13
1 4 0 1 0 0 0 3000 3 2 2 12
1 5 0 1 0 0 0 3000 3 1 1 2
1 6 0 0 0 0 1 681 3 13 13 1
1 7 0 1 0 0 0 3000 3 4 4 13
1 8 1 0 0 1 0 3000 1 13 13 4
1 9 0 1 0 0 0 3000 2 15 15 13
1 10 0 1 0 0 0 3000 3 1 1 15
1 11 1 1 1 0 0 1076 1 15 15 1
1 12 0 1 0 0 0 3000 2 4 4 15
1 13 0 1 0 0 0 3000 2 1 1 4
1 14 0 0 0 0 1 520 2 1 1 1
1 15 0 1 0 0 0 3000 2 9 9 1
1 16 1 0 0 1 0 3000 1 1 1 9
1 17 1 1 1 0 0 476 1 9 9 1
1 18 1 0 0 1 0 3000 1 1 1 9
1 19 1 0 0 1 0 3000 1 9 9 1
1 20 1 1 1 0 0 445 1 1 1 9
1 21 1 0 0 1 0 3000 1 9 9 1
1 22 0 1 0 0 0 3000 3 14 14 9
1 23 1 1 1 0 0 465 1 9 9 14
1 24 0 1 0 0 0 3000 2 1 1 9
1 25 0 1 0 0 0 3000 3 2 2 1
2 1 0 1 0 0 0 3000 2 6 6 2
2 2 0 1 0 0 0 3000 1 6 6 6
2 3 0 1 0 0 0 3000 3 5 5 6
2 4 0 1 0 0 0 3000 3 10 10 5
2 5 1 1 1 0 0 568 1 5 5 10
2 6 0 1 0 0 0 3000 3 14 14 5
2 7 0 1 0 0 0 3000 3 4 4 14
2 8 1 1 1 0 0 358 1 14 14 4
2 9 0 1 0 0 0 3000 2 12 12 14
2 10 1 1 1 0 0 554 1 14 14 12
2 11 0 1 0 0 0 3000 2 11 11 14
2 12 0 1 0 0 0 3000 3 9 9 11
2 13 0 1 0 0 0 3000 2 7 7 9
2 14 0 1 0 0 0 3000 3 6 6 7
2 15 0 0 0 0 1 647 2 6 6 6
2 16 1 0 0 1 0 3000 1 6 6 6
2 17 0 1 0 0 0 3000 2 12 12 6
2 18 0 1 0 0 0 3000 2 1 1 12
2 19 0 1 0 0 0 3000 2 10 10 1
2 20 0 1 0 0 0 3000 2 14 14 10
2 21 0 1 0 0 0 3000 2 13 13 14
2 22 1 1 1 0 0 988 1 14 14 13
2 23 1 1 1 0 0 829 1 13 13 14
2 24 0 1 0 0 0 3000 3 12 12 13
2 25 0 1 0 0 0 3000 3 4 4 12
3 1 0 1 0 0 0 3000 2 4 4 4
3 2 0 1 0 0 0 3000 1 5 5 4
3 3 1 1 1 0 0 355 1 4 4 5
3 4 0 1 0 0 0 3000 2 4 4 4
3 5 1 1 1 0 0 1136 1 4 4 4
3 6 0 0 0 0 1 1094 3 14 14 4
3 7 1 1 1 0 0 670 1 4 4 14
3 8 1 0 0 1 0 3000 1 14 14 4
3 9 0 1 0 0 0 3000 3 9 9 14
3 10 1 1 1 0 0 388 1 14 14 9
3 11 0 1 0 0 0 3000 3 1 1 14
3 12 0 1 0 0 0 3000 3 5 5 1
3 13 1 1 1 0 0 400 1 1 1 5
3 14 0 1 0 0 0 3000 2 3 3 1
3 15 0 1 0 0 0 3000 2 2 2 3
3 16 0 1 0 0 0 3000 2 11 11 2
3 17 1 1 1 0 0 307 1 2 2 11
3 18 1 1 1 0 0 1193 1 11 11 2
3 19 0 1 0 0 0 3000 3 3 3 11
3 20 1 1 1 0 0 373 1 11 11 3
3 21 0 0 0 0 1 916 2 11 11 11
3 22 0 1 0 0 0 3000 2 12 12 11
3 23 1 1 1 0 0 331 1 11 11 12
3 24 0 1 0 0 0 3000 2 3 3 11
3 25 0 1 0 0 0 3000 2 14 14 3
4 1 0 1 0 0 0 3000 1 9 9 14
4 2 0 1 0 0 0 3000 1 7 7 9
4 3 0 1 0 0 0 3000 2 10 10 7
4 4 0 1 0 0 0 3000 3 13 13 10
4 5 0 1 0 0 0 3000 2 3 3 13
4 6 1 1 1 0 0 655 1 13 13 3
4 7 0 1 0 0 0 3000 3 6 6 13
4 8 0 0 0 0 1 893 3 6 6 6
4 9 1 1 1 0 0 645 1 6 6 6
4 10 1 0 0 1 0 3000 1 6 6 6
4 11 0 1 0 0 0 3000 2 10 10 6
4 12 1 1 1 0 0 289 1 6 6 10
4 13 0 1 0 0 0 3000 3 8 8 6
4 14 0 0 0 0 1 868 2 8 8 8
4 15 0 1 0 0 0 3000 2 1 1 8
4 16 1 1 1 0 0 468 1 8 8 1
4 17 0 1 0 0 0 3000 2 6 6 8
4 18 1 1 1 0 0 441 1 8 8 6
4 19 0 1 0 0 0 3000 3 9 9 8
4 20 1 1 1 0 0 331 1 8 8 9
4 21 1 1 1 0 0 833 1 9 9 8
4 22 0 1 0 0 0 3000 3 9 9 9
4 23 0 1 0 0 0 3000 2 2 2 9
4 24 0 1 0 0 0 3000 2 14 14 2
4 25 0 1 0 0 0 3000 3 15 15 14
5 1 0 1 0 0 0 3000 3 12 12 15
5 2 0 1 0 0 0 3000 2 6 6 12
5 3 0 1 0 0 0 3000 3 7 7 6
5 4 1 1 1 0 0 424 1 6 6 7
5 5 0 1 0 0 0 3000 3 15 15 6
5 6 0 0 0 0 1 887 3 15 15 15
5 7 1 1 1 0 0 654 1 15 15 15
5 8 0 1 0 0 0 3000 2 3 3 15
5 9 0 0 0 0 1 533 2 3 3 3
5 10 1 1 1 0 0 542 1 3 3 3
5 11 0 1 0 0 0 3000 2 5 5 3
5 12 1 1 1 0 0 353 1 3 3 5
5 13 0 1 0 0 0 3000 2 2 2 3
5 14 0 1 0 0 0 3000 2 2 2 2
5 15 0 1 0 0 0 3000 3 7 7 2
5 16 0 1 0 0 0 3000 2 6 6 7
5 17 0 1 0 0 0 3000 3 3 3 6
5 18 1 0 0 1 0 3000 1 6 6 3
5 19 1 1 1 0 0 489 1 3 3 6
5 20 1 1 1 0 0 740 1 6 6 3
5 21 0 1 0 0 0 3000 2 1 1 6
5 22 1 1 1 0 0 481 1 6 6 1
5 23 0 1 0 0 0 3000 2 7 7 6
5 24 1 1 1 0 0 412 1 6 6 7
5 25 1 1 1 0 0 512 1 7 7 6
