1 1 0 1 0 0 0 3000 2 8 8 0
1 2 0 1 0 0 0 3000 3 5 5 8
1 3 1 1 1 0 0 1052 1 8 8 5
1 4 1 1 1 0 0 804 1 5 5 8
1 5 0 0 0 0 1 483 2 5 5 5
1 6 0 1 0 0 0 3000 2 2 2 5
1 7 0 1 0 0 0 3000 2 9 9 2
1 8 0 1 0 0 0 3000 3 14 14 9
1 9 0 0 0 0 1 521 3 14 14 14
1 10 0 0 0 0 1 770 2 9 9 14
1 11 1 1 1 0 0 777 1 14 14 9
1 12 0 1 0 0 0 3000 3 1 1 14
1 13 0 1 0 0 0 3000 2 3 3 1
1 14 0 1 0 0 0 3000 2 4 4 3
1 15 1 1 1 0 0 564 1 3 3 4
1 16 1 1 1 0 0 931 1 4 4 3
1 17 0 0 0 0 1 579 3 1 1 4
1 18 0 1 0 0 0 3000 3 12 12 1
1 19 0 1 0 0 0 3000 2 3 3 12
1 20 1 1 1 0 0 456 1 12 12 3
1 21 0 1 0 0 0 3000 2 6 6 12
1 22 0 1 0 0 0 3000 2 7 7 6
1 23 1 1 1 0 0 414 1 6 6 7
1 24 0 1 0 0 0 3000 3 8 8 6
1 25 0 1 0 0 0 3000 3 3 3 8
2 1 0 1 0 0 0 3000 1 1 1 3
2 2 0 1 0 0 0 3000 3 4 4 1
2 3 1 1 1 0 0 501 1 1 1 4
2 4 1 1 1 0 0 591 1 4 4 1
2 5 0 0 0 0 1 1275 2 4 4 4
2 6 0 1 0 0 0 3000 3 12 12 4
2 7 1 1 1 0 0 430 1 4 4 12
2 8 1 1 1 0 0 800 1 12 12 4
2 9 0 1 0 0 0 3000 2 5 5 12
2 10 0 1 0 0 0 3000 2 9 9 5
2 11 0 0 0 0 1 563 2 9 9 9
2 12 0 1 0 0 0 3000 2 2 2 9
2 13 1 1 1 0 0 633 1 9 9 2
2 14 0 1 0 0 0 3000 3 3 3 9
2 15 1 1 1 0 0 519 1 9 9 3
2 16 0 1 0 0 0 3000 2 7 7 9
2 17 1 1 1 0 0 501 1 9 9 7
2 18 0 1 0 0 0 3000 3 8 8 9
2 19 0 1 0 0 0 3000 3 13 13 8
2 20 0 1 0 0 0 3000 3 1 1 13
2 21 0 0 0 0 1 376 3 8 8 1
2 22 1 1 1 0 0 552 1 1 1 8
2 23 1 1 1 0 0 461 1 8 8 1
2 24 0 1 0 0 0 3000 3 4 4 8
2 25 0 1 0 0 0 3000 2 11 11 4
3 1 0 1 0 0 0 3000 3 11 11 11
3 2 0 1 0 0 0 3000 1 2 2 11
3 3 0 1 0 0 0 3000 3 5 5 2
3 4 1 1 1 0 0 505 1 2 2 5
3 5 0 1 0 0 0 3000 3 11 11 2
3 6 1 1 1 0 0 870 1 2 2 11
3 7 0 1 0 0 0 3000 3 15 15 2
3 8 0 1 0 0 0 3000 3 7 7 15
3 9 1 1 1 0 0 390 1 15 15 7
3 10 0 1 0 0 0 3000 2 10 10 15
3 11 0 1 0 0 0 3000 3 5 5 10
3 12 0 1 0 0 0 3000 2 9 9 5
3 13 0 1 0 0 0 3000 3 3 3 9
3 14 1 1 1 0 0 423 1 9 9 3
3 15 1 1 1 0 0 656 1 3 3 9
3 16 0 1 0 0 0 3000 2 15 15 3
3 17 1 1 1 0 0 631 1 3 3 15
3 18 0 0 0 0 1 545 2 9 9 3
3 19 0 1 0 0 0 3000 3 11 11 9
3 20 1 1 1 0 0 364 1 9 9 11
3 21 0 1 0 0 0 3000 2 5 5 9
3 22 1 1 1 0 0 433 1 9 9 5
3 23 1 1 1 0 0 672 1 5 5 9
3 24 1 1 1 0 0 583 1 9 9 5
3 25 0 1 0 0 0 3000 3 7 7 9
4 1 0 1 0 0 0 3000 2 4 4 7
4 2 0 1 0 0 0 3000 3 6 6 4
4 3 0 1 0 0 0 3000 2 5 5 6
4 4 1 1 1 0 0 570 1 6 6 5
4 5 1 1 1 0 0 505 1 5 5 6
4 6 0 1 0 0 0 3000 3 9 9 5
4 7 0 1 0 0 0 3000 3 7 7 9
4 8 1 1 1 0 0 589 1 9 9 7
4 9 1 1 1 0 0 612 1 7 7 9
4 10 0 1 0 0 0 3000 3 3 3 7
4 11 0 1 0 0 0 3000 3 8 8 3
4 12 0 1 0 0 0 3000 3 13 13 8
4 13 0 1 0 0 0 3000 3 14 14 13
4 14 0 1 0 0 0 3000 2 12 12 14
4 15 1 1 1 0 0 456 1 14 14 12
4 16 0 1 0 0 0 3000 2 3 3 14
4 17 1 1 1 0 0 500 1 14 14 3
4 18 0 1 0 0 0 3000 2 4 4 14
4 19 0 1 0 0 0 3000 3 6 6 4
4 20 1 1 1 0 0 621 1 4 4 6
4 21 0 0 0 0 1 581 2 13 13 4
4 22 1 1 1 0 0 509 1 4 4 13
4 23 1 1 1 0 0 357 1 13 13 4
4 24 1 1 1 0 0 447 1 4 4 13
4 25 1 1 1 0 0 488 1 13 13 4
5 1 0 1 0 0 0 3000 1 14 14 13
5 2 0 1 0 0 0 3000 2 12 12 14
5 3 0 1 0 0 0 3000 3 1 1 12
5 4 1 1 1 0 0 542 1 12 12 1
5 5 0 1 0 0 0 3000 2 3 3 12
5 6 0 1 0 0 0 3000 2 7 7 3
5 7 0 1 0 0 0 3000 2 10 10 7
5 8 0 1 0 0 0 3000 3 1 1 10
5 9 0 0 0 0 1 530 2 12 12 1
5 10 0 1 0 0 0 3000 3 8 8 12
5 11 1 1 1 0 0 407 1 12 12 8
5 12 0 1 0 0 0 3000 2 2 2 12
5 13 0 1 0 0 0 3000 3 11 11 2
5 14 0 1 0 0 0 3000 2 15 15 11
5 15 1 1 1 0 0 323 1 11 11 15
5 16 0 1 0 0 0 3000 2 4 4 11
5 17 0 1 0 0 0 3000 3 7 7 4
5 18 1 1 1 0 0 364 1 4 4 7
5 19 1 1 1 0 0 845 1 7 7 4
5 20 0 1 0 0 0 3000 2 13 13 7
5 21 1 1 1 0 0 559 1 7 7 13
5 22 0 1 0 0 0 3000 2 8 8 7
5 23 0 0 0 0 1 536 3 13 13 8
5 24 0 1 0 0 0 3000 2 12 12 13
5 25 0 1 0 0 0 3000 3 9 9 12
