1 1 0 1 0 0 0 3000 3 7 7 0
1 2 0 1 0 0 0 3000 3 9 9 7
1 3 0 1 0 0 0 3000 3 4 4 9
1 4 1 1 1 0 0 489 1 9 9 4
1 5 0 1 0 0 0 3000 2 13 13 9
1 6 0 1 0 0 0 3000 2 5 5 13
1 7 1 1 1 0 0 387 1 13 13 5
1 8 1 0 0 1 0 3000 1 5 5 13
1 9 0 1 0 0 0 3000 2 2 2 5
1 10 0 1 0 0 0 3000 2 6 6 2
1 11 0 1 0 0 0 3000 2 6 6 6
1 12 0 1 0 0 0 3000 3 1 1 6
1 13 0 1 0 0 0 3000 3 15 15 1
1 14 1 1 1 0 0 589 1 1 1 15
1 15 1 0 0 1 0 3000 1 15 15 1
1 16 0 1 0 0 0 3000 2 3 3 15
1 17 1 1 1 0 0 432 1 15 15 3
1 18 0 1 0 0 0 3000 2 12 12 15
1 19 0 1 0 0 0 3000 2 1 1 12
1 20 0 1 0 0 0 3000 2 6 6 1
1 21 1 1 1 0 0 462 1 1 1 6
1 22 1 0 0 1 0 3000 1 6 6 1
1 23 0 1 0 0 0 3000 3 12 12 6
1 24 0 1 0 0 0 3000 2 11 11 12
1 25 1 1 1 0 0 516 1 12 12 11
2 1 0 1 0 0 0 3000 1 4 4 12
2 2 0 1 0 0 0 3000 1 11 11 4
2 3 0 1 0 0 0 3000 3 13 13 11
2 4 1 1 1 0 0 1167 1 11 11 13
2 5 0 1 0 0 0 3000 2 3 3 11
2 6 0 1 0 0 0 3000 3 12 12 3
2 7 1 1 1 0 0 403 1 3 3 12
2 8 0 1 0 0 0 3000 2 8 8 3
2 9 0 1 0 0 0 3000 3 2 2 8
2 10 0 1 0 0 0 3000 3 10 10 2
2 11 0 1 0 0 0 3000 2 9 9 10
2 12 1 1 1 0 0 719 1 10 10 9
2 13 0 1 0 0 0 3000 3 8 8 10
2 14 0 1 0 0 0 3000 2 11 11 8
2 15 0 1 0 0 0 3000 2 7 7 11
2 16 0 1 0 0 0 3000 3 10 10 7
2 17 0 1 0 0 0 3000 2 14 14 10
2 18 0 1 0 0 0 3000 3 5 5 14
2 19 1 1 1 0 0 614 1 14 14 5
2 20 0 1 0 0 0 3000 3 11 11 14
2 21 0 1 0 0 0 3000 2 3 3 11
2 22 0 1 0 0 0 3000 3 7 7 3
2 23 0 1 0 0 0 3000 2 5 5 7
2 24 1 1 1 0 0 617 1 7 7 5
2 25 1 0 0 1 0 3000 1 5 5 7
3 1 0 1 0 0 0 3000 2 12 12 5
3 2 0 1 0 0 0 3000 2 11 11 12
3 3 0 1 0 0 0 3000 3 1 1 11
3 4 0 1 0 0 0 3000 3 14 14 1
3 5 0 1 0 0 0 3000 3 2 2 14
3 6 1 1 1 0 0 575 1 14 14 2
3 7 0 1 0 0 0 3000 3 4 4 14
3 8 0 1 0 0 0 3000 2 11 11 4
3 9 0 1 0 0 0 3000 3 3 3 11
3 10 0 1 0 0 0 3000 3 7 7 3
3 11 0 0 0 0 1 570 2 11 11 7
3 12 0 1 0 0 0 3000 3 8 8 11
3 13 1 0 0 1 0 3000 1 11 11 8
3 14 0 1 0 0 0 3000 3 2 2 11
3 15 1 1 1 0 0 558 1 11 11 2
3 16 1 0 0 1 0 3000 1 2 2 11
3 17 0 1 0 0 0 3000 2 12 12 2
3 18 0 1 0 0 0 3000 2 10 10 12
3 19 1 1 1 0 0 641 1 12 12 10
3 20 0 1 0 0 0 3000 2 6 6 12
3 21 0 1 0 0 0 3000 2 10 10 6
3 22 1 1 1 0 0 591 1 6 6 10
3 23 0 1 0 0 0 3000 3 15 15 6
3 24 1 0 0 1 0 3000 1 6 6 15
3 25 0 1 0 0 0 3000 3 1 1 6
4 1 0 1 0 0 0 3000 3 1 1 1
4 2 0 1 0 0 0 3000 2 11 11 1
4 3 0 1 0 0 0 3000 2 7 7 11
4 4 1 1 1 0 0 652 1 11 11 7
4 5 0 1 0 0 0 3000 2 2 2 11
4 6 1 0 0 1 0 3000 1 11 11 2
4 7 0 1 0 0 0 3000 3 14 14 11
4 8 0 1 0 0 0 3000 2 5 5 14
4 9 1 1 1 0 0 526 1 14 14 5
4 10 0 1 0 0 0 3000 3 13 13 14
4 11 0 1 0 0 0 3000 3 12 12 13
4 12 0 1 0 0 0 3000 3 3 3 12
4 13 0 1 0 0 0 3000 2 1 1 3
4 14 1 1 1 0 0 410 1 3 3 1
4 15 1 0 0 1 0 3000 1 1 1 3
4 16 1 0 0 1 0 3000 1 3 3 1
4 17 1 1 1 0 0 454 1 1 1 3
4 18 0 1 0 0 0 3000 2 9 9 1
4 19 0 1 0 0 0 3000 3 14 14 9
4 20 1 1 1 0 0 877 1 9 9 14
4 21 0 1 0 0 0 3000 2 5 5 9
4 22 1 0 0 1 0 3000 1 9 9 5
4 23 0 1 0 0 0 3000 3 15 15 9
4 24 0 1 0 0 0 3000 3 3 3 15
4 25 1 1 1 0 0 498 1 15 15 3
5 1 0 1 0 0 0 3000 1 15 15 15
5 2 0 1 0 0 0 3000 2 14 14 15
5 3 0 1 0 0 0 3000 2 13 13 14
5 4 0 0 0 0 1 464 2 13 13 13
5 5 0 1 0 0 0 3000 3 5 5 13
5 6 0 1 0 0 0 3000 3 6 6 5
5 7 0 1 0 0 0 3000 2 14 14 6
5 8 0 1 0 0 0 3000 3 9 9 14
5 9 0 1 0 0 0 3000 2 2 2 9
5 10 1 1 1 0 0 453 1 9 9 2
5 11 1 0 0 1 0 3000 1 2 2 9
5 12 0 1 0 0 0 3000 2 15 15 2
5 13 0 1 0 0 0 3000 2 12 12 15
5 14 0 1 0 0 0 3000 3 10 10 12
5 15 0 1 0 0 0 3000 2 3 3 10
5 16 1 1 1 0 0 568 1 10 10 3
5 17 0 1 0 0 0 3000 3 15 15 10
5 18 0 1 0 0 0 3000 3 7 7 15
5 19 1 1 1 0 0 734 1 15 15 7
5 20 0 1 0 0 0 3000 2 9 9 15
5 21 0 1 0 0 0 3000 2 14 14 9
5 22 0 1 0 0 0 3000 3 1 1 14
5 23 0 1 0 0 0 3000 2 8 8 1
5 24 0 1 0 0 0 3000 2 11 11 8
5 25 1 1 1 0 0 502 1 8 8 11
