1 1 0 1 0 0 0 3000 2 12 12 0
1 2 0 1 0 0 0 3000 3 11 11 12
1 3 1 1 1 0 0 607 1 12 12 11
1 4 0 1 0 0 0 3000 2 15 15 12
1 5 0 1 0 0 0 3000 2 2 2 15
1 6 0 0 0 0 1 1123 2 12 12 2
1 7 0 1 0 0 0 3000 3 10 10 12
1 8 0 0 0 0 1 753 3 2 2 10
1 9 0 1 0 0 0 3000 2 8 8 2
1 10 1 1 1 0 0 1160 1 2 2 8
1 11 0 1 0 0 0 3000 2 15 15 2
1 12 1 0 0 1 0 3000 1 2 2 15
1 13 0 1 0 0 0 3000 3 1 1 2
1 14 0 1 0 0 0 3000 2 14 14 1
1 15 0 1 0 0 0 3000 3 9 9 14
1 16 0 0 0 0 1 915 2 9 9 9
1 17 1 0 0 1 0 3000 1 9 9 9
1 18 0 1 0 0 0 3000 3 12 12 9
1 19 0 1 0 0 0 3000 2 14 14 12
1 20 0 1 0 0 0 3000 3 8 8 14
1 21 1 1 1 0 0 535 1 14 14 8
1 22 0 1 0 0 0 3000 2 10 10 14
1 23 0 1 0 0 0 3000 3 9 9 10
1 24 0 0 0 0 1 1914 2 9 9 9
1 25 1 0 0 1 0 3000 1 9 9 9
2 1 0 1 0 0 0 3000 3 12 12 9
2 2 0 1 0 0 0 3000 1 15 15 12
2 3 0 1 0 0 0 3000 2 2 2 15
2 4 1 1 1 0 0 547 1 15 15 2
2 5 1 1 1 0 0 699 1 2 2 15
2 6 0 1 0 0 0 3000 3 12 12 2
2 7 1 0 0 1 0 3000 1 2 2 12
2 8 0 1 0 0 0 3000 2 9 9 2
2 9 0 1 0 0 0 3000 2 3 3 9
2 10 0 1 0 0 0 3000 2 13 13 3
2 11 0 1 0 0 0 3000 2 15 15 13
2 12 0 1 0 0 0 3000 3 11 11 15
2 13 0 1 0 0 0 3000 3 3 3 11
2 14 0 1 0 0 0 3000 2 6 6 3
2 15 0 1 0 0 0 3000 3 8 8 6
2 16 0 0 0 0 1 902 3 12 12 8
2 17 1 1 1 0 0 748 1 8 8 12
2 18 1 0 0 1 0 3000 1 12 12 8
2 19 1 0 0 1 0 3000 1 8 8 12
2 20 0 1 0 0 0 3000 2 7 7 8
2 21 0 1 0 0 0 3000 2 9 9 7
2 22 0 1 0 0 0 3000 2 3 3 9
2 23 0 1 0 0 0 3000 2 2 2 3
2 24 1 1 1 0 0 629 1 3 3 2
2 25 1 1 1 0 0 677 1 2 2 3
3 1 0 1 0 0 0 3000 3 8 8 2
3 2 0 1 0 0 0 3000 1 15 15 8
3 3 0 1 0 0 0 3000 2 6 6 15
3 4 0 1 0 0 0 3000 2 7 7 6
3 5 0 1 0 0 0 3000 3 15 15 7
3 6 1 1 1 0 0 500 1 7 7 15
3 7 0 1 0 0 0 3000 2 12 12 7
3 8 0 0 0 0 1 553 3 15 15 12
3 9 0 1 0 0 0 3000 3 1 1 15
3 10 0 1 0 0 0 3000 3 7 7 1
3 11 1 1 1 0 0 591 1 1 1 7
3 12 0 1 0 0 0 3000 3 15 15 1
3 13 0 1 0 0 0 3000 2 11 11 15
3 14 1 1 1 0 0 595 1 15 15 11
3 15 1 1 1 0 0 2013 1 11 11 15
3 16 1 1 1 0 0 1817 1 15 15 11
3 17 0 1 0 0 0 3000 2 6 6 15
3 18 0 1 0 0 0 3000 3 3 3 6
3 19 1 1 1 0 0 854 1 6 6 3
3 20 0 1 0 0 0 3000 3 8 8 6
3 21 0 0 0 0 1 524 3 15 15 8
3 22 1 0 0 1 0 3000 1 8 8 15
3 23 0 1 0 0 0 3000 3 7 7 8
3 24 0 1 0 0 0 3000 2 13 13 7
3 25 1 1 1 0 0 376 1 7 7 13
4 1 0 1 0 0 0 3000 3 6 6 7
4 2 0 1 0 0 0 3000 3 8 8 6
4 3 1 1 1 0 0 438 1 6 6 8
4 4 0 1 0 0 0 3000 2 6 6 6
4 5 1 1 1 0 0 629 1 6 6 6
4 6 0 1 0 0 0 3000 3 12 12 6
4 7 0 1 0 0 0 3000 2 13 13 12
4 8 0 1 0 0 0 3000 3 2 2 13
4 9 1 1 1 0 0 545 1 13 13 2
4 10 1 1 1 0 0 967 1 2 2 13
4 11 0 1 0 0 0 3000 2 5 5 2
4 12 0 1 0 0 0 3000 2 3 3 5
4 13 0 1 0 0 0 3000 2 7 7 3
4 14 1 1 1 0 0 842 1 3 3 7
4 15 0 1 0 0 0 3000 3 9 9 3
4 16 1 1 1 0 0 1401 1 3 3 9
4 17 1 1 1 0 0 1049 1 9 9 3
4 18 0 0 0 0 1 1025 3 5 5 9
4 19 1 1 1 0 0 1072 1 9 9 5
4 20 0 1 0 0 0 3000 2 9 9 9
4 21 1 1 1 0 0 861 1 9 9 9
4 22 0 1 0 0 0 3000 2 7 7 9
4 23 0 1 0 0 0 3000 3 13 13 7
4 24 0 1 0 0 0 3000 3 15 15 13
4 25 0 1 0 0 0 3000 2 6 6 15
5 1 0 1 0 0 0 3000 3 4 4 6
5 2 0 1 0 0 0 3000 3 4 4 4
5 3 1 1 1 0 0 454 1 4 4 4
5 4 0 1 0 0 0 3000 2 9 9 4
5 5 1 1 1 0 0 863 1 4 4 9
5 6 0 1 0 0 0 3000 2 3 3 4
5 7 0 1 0 0 0 3000 3 13 13 3
5 8 0 1 0 0 0 3000 2 8 8 13
5 9 1 1 1 0 0 659 1 13 13 8
5 10 0 1 0 0 0 3000 3 9 9 13
5 11 0 1 0 0 0 3000 3 4 4 9
5 12 0 1 0 0 0 3000 3 5 5 4
5 13 0 1 0 0 0 3000 3 2 2 5
5 14 1 1 1 0 0 437 1 5 5 2
5 15 0 1 0 0 0 3000 2 8 8 5
5 16 0 1 0 0 0 3000 3 15 15 8
5 17 0 1 0 0 0 3000 3 1 1 15
5 18 0 1 0 0 0 3000 2 2 2 1
5 19 0 1 0 0 0 3000 3 12 12 2
5 20 0 1 0 0 0 3000 3 15 15 12
5 21 0 1 0 0 0 3000 2 11 11 15
5 22 1 1 1 0 0 570 1 15 15 11
5 23 0 1 0 0 0 3000 2 12 12 15
5 24 0 1 0 0 0 3000 2 4 4 12
5 25 0 1 0 0 0 3000 2 7 7 4
