1 1 0 1 0 0 0 3000 2 14 14 0
1 2 0 1 0 0 0 3000 2 7 7 14
1 3 0 1 0 0 0 3000 3 10 10 7
1 4 0 1 0 0 0 3000 2 10 10 10
1 5 1 1 1 0 0 1413 1 10 10 10
1 6 0 1 0 0 0 3000 2 12 12 10
1 7 0 1 0 0 0 3000 3 14 14 12
1 8 0 1 0 0 0 3000 3 11 11 14
1 9 1 1 1 0 0 2672 1 14 14 11
1 10 0 1 0 0 0 3000 3 2 2 14
1 11 0 1 0 0 0 3000 3 2 2 2
1 12 0 1 0 0 0 3000 2 7 7 2
1 13 1 1 1 0 0 540 1 2 2 7
1 14 1 0 0 1 0 3000 1 7 7 2
1 15 0 1 0 0 0 3000 3 10 10 7
1 16 0 1 0 0 0 3000 3 1 1 10
1 17 0 1 0 0 0 3000 3 15 15 1
1 18 1 1 1 0 0 424 1 1 1 15
1 19 1 0 0 1 0 3000 1 15 15 1
1 20 1 0 0 1 0 3000 1 1 1 15
1 21 1 1 1 0 0 1053 1 15 15 1
1 22 0 1 0 0 0 3000 3 3 3 15
1 23 0 1 0 0 0 3000 3 12 12 3
1 24 0 1 0 0 0 3000 2 2 2 12
1 25 0 1 0 0 0 3000 3 10 10 2
2 1 0 1 0 0 0 3000 1 6 6 10
2 2 0 1 0 0 0 3000 2 5 5 6
2 3 0 1 0 0 0 3000 3 8 8 5
2 4 1 1 1 0 0 651 1 5 5 8
2 5 0 1 0 0 0 3000 3 11 11 5
2 6 0 1 0 0 0 3000 2 7 7 11
2 7 0 1 0 0 0 3000 3 1 1 7
2 8 0 1 0 0 0 3000 3 5 5 1
2 9 1 1 1 0 0 439 1 1 1 5
2 10 1 1 1 0 0 719 1 5 5 1
2 11 1 0 0 1 0 3000 1 1 1 5
2 12 0 1 0 0 0 3000 3 6 6 1
2 13 0 1 0 0 0 3000 2 9 9 6
2 14 0 1 0 0 0 3000 3 12 12 9
2 15 0 1 0 0 0 3000 2 10 10 12
2 16 1 1 1 0 0 751 1 12 12 10
2 17 1 1 1 0 0 496 1 10 10 12
2 18 0 1 0 0 0 3000 3 15 15 10
2 19 1 0 0 1 0 3000 1 10 10 15
2 20 0 1 0 0 0 3000 3 4 4 10
2 21 0 1 0 0 0 3000 3 7 7 4
2 22 0 1 0 0 0 3000 2 1 1 7
2 23 0 1 0 0 0 3000 3 14 14 1
2 24 0 1 0 0 0 3000 2 4 4 14
2 25 1 1 1 0 0 916 1 14 14 4
3 1 0 1 0 0 0 3000 1 13 13 14
3 2 0 1 0 0 0 3000 2 1 1 13
3 3 0 1 0 0 0 3000 2 1 1 1
3 4 1 1 1 0 0 529 1 1 1 1
3 5 1 1 1 0 0 391 1 1 1 1
3 6 0 1 0 0 0 3000 2 10 10 1
3 7 0 1 0 0 0 3000 2 13 13 10
3 8 1 1 1 0 0 429 1 10 10 13
3 9 0 1 0 0 0 3000 3 1 1 10
3 10 0 1 0 0 0 3000 2 3 3 1
3 11 0 1 0 0 0 3000 3 14 14 3
3 12 0 1 0 0 0 3000 2 4 4 14
3 13 1 1 1 0 0 553 1 14 14 4
3 14 0 1 0 0 0 3000 3 15 15 14
3 15 1 1 1 0 0 407 1 14 14 15
3 16 1 1 1 0 0 464 1 15 15 14
3 17 0 1 0 0 0 3000 2 2 2 15
3 18 0 1 0 0 0 3000 3 3 3 2
3 19 0 1 0 0 0 3000 3 7 7 3
3 20 1 1 1 0 0 615 1 3 3 7
3 21 1 1 1 0 0 845 1 7 7 3
3 22 1 1 1 0 0 660 1 3 3 7
3 23 1 1 1 0 0 556 1 7 7 3
3 24 1 1 1 0 0 441 1 3 3 7
3 25 0 1 0 0 0 3000 3 6 6 3
4 1 0 1 0 0 0 3000 2 8 8 6
4 2 0 1 0 0 0 3000 2 3 3 8
4 3 0 1 0 0 0 3000 2 13 13 3
4 4 1 1 1 0 0 756 1 3 3 13
4 5 0 1 0 0 0 3000 3 5 5 3
4 6 1 1 1 0 0 403 1 3 3 5
4 7 0 1 0 0 0 3000 2 13 13 3
4 8 0 1 0 0 0 3000 3 14 14 13
4 9 1 1 1 0 0 401 1 13 13 14
4 10 0 1 0 0 0 3000 2 5 5 13
4 11 0 1 0 0 0 3000 2 15 15 5
4 12 0 1 0 0 0 3000 2 11 11 15
4 13 0 1 0 0 0 3000 3 4 4 11
4 14 1 1 1 0 0 883 1 11 11 4
4 15 1 1 1 0 0 834 1 4 4 11
4 16 1 1 1 0 0 1587 1 11 11 4
4 17 1 1 1 0 0 897 1 4 4 11
4 18 0 1 0 0 0 3000 3 2 2 4
4 19 0 1 0 0 0 3000 3 14 14 2
4 20 1 1 1 0 0 631 1 2 2 14
4 21 0 1 0 0 0 3000 3 12 12 2
4 22 0 1 0 0 0 3000 3 9 9 12
4 23 0 1 0 0 0 3000 2 2 2 9
4 24 1 1 1 0 0 580 1 9 9 2
4 25 1 1 1 0 0 764 1 2 2 9
5 1 0 1 0 0 0 3000 3 15 15 2
5 2 0 1 0 0 0 3000 1 1 1 15
5 3 0 1 0 0 0 3000 3 7 7 1
5 4 1 1 1 0 0 806 1 1 1 7
5 5 0 1 0 0 0 3000 3 15 15 1
5 6 0 1 0 0 0 3000 2 4 4 15
5 7 0 1 0 0 0 3000 3 1 1 4
5 8 0 1 0 0 0 3000 2 3 3 1
5 9 1 1 1 0 0 656 1 1 1 3
5 10 0 1 0 0 0 3000 3 12 12 1
5 11 0 1 0 0 0 3000 3 6 6 12
5 12 0 1 0 0 0 3000 2 2 2 6
5 13 0 1 0 0 0 3000 2 5 5 2
5 14 0 1 0 0 0 3000 3 10 10 5
5 15 1 1 1 0 0 1002 1 5 5 10
5 16 0 1 0 0 0 3000 3 8 8 5
5 17 1 1 1 0 0 960 1 5 5 8
5 18 0 1 0 0 0 3000 2 11 11 5
5 19 1 1 1 0 0 534 1 5 5 11
5 20 0 1 0 0 0 3000 3 9 9 5
5 21 0 1 0 0 0 3000 3 8 8 9
5 22 0 1 0 0 0 3000 2 12 12 8
5 23 0 1 0 0 0 3000 3 14 14 12
5 24 1 1 1 0 0 1144 1 12 12 14
5 25 1 1 1 0 0 793 1 14 14 12
