1 1 0 1 0 0 0 3000 3 3 3 0
1 2 0 1 0 0 0 3000 1 9 9 3
1 3 0 1 0 0 0 3000 3 13 13 9
1 4 1 1 1 0 0 747 1 9 9 13
1 5 1 0 0 1 0 3000 1 13 13 9
1 6 0 1 0 0 0 3000 2 10 10 13
1 7 1 1 1 0 0 561 1 13 13 10
1 8 1 0 0 1 0 3000 1 10 10 13
1 9 0 1 0 0 0 3000 3 12 12 10
1 10 1 1 1 0 0 421 1 10 10 12
1 11 0 1 0 0 0 3000 3 10 10 10
1 12 0 1 0 0 0 3000 3 4 4 10
1 13 0 1 0 0 0 3000 2 3 3 4
1 14 0 1 0 0 0 3000 2 12 12 3
1 15 0 1 0 0 0 3000 3 9 9 12
1 16 1 1 1 0 0 1016 1 12 12 9
1 17 1 0 0 1 0 3000 1 9 9 12
1 18 1 0 0 1 0 3000 1 12 12 9
1 19 0 1 0 0 0 3000 2 2 2 12
1 20 1 1 1 0 0 356 1 12 12 2
1 21 1 0 0 1 0 3000 1 2 2 12
1 22 1 0 0 1 0 3000 1 12 12 2
1 23 0 1 0 0 0 3000 2 5 5 12
1 24 1 1 1 0 0 413 1 12 12 5
1 25 1 0 0 1 0 3000 1 5 5 12
2 1 0 1 0 0 0 3000 2 1 1 5
2 2 0 1 0 0 0 3000 1 11 11 1
2 3 0 1 0 0 0 3000 3 2 2 11
2 4 0 1 0 0 0 3000 3 7 7 2
2 5 0 1 0 0 0 3000 2 10 10 7
2 6 0 0 0 0 1 872 2 11 11 10
2 7 0 1 0 0 0 3000 3 2 2 11
2 8 1 0 0 1 0 3000 1 11 11 2
2 9 0 1 0 0 0 3000 2 12 12 11
2 10 1 1 1 0 0 381 1 11 11 12
2 11 0 1 0 0 0 3000 3 15 15 11
2 12 1 0 0 1 0 3000 1 11 11 15
2 13 1 1 1 0 0 426 1 15 15 11
2 14 0 1 0 0 0 3000 2 4 4 15
2 15 0 1 0 0 0 3000 3 6 6 4
2 16 0 1 0 0 0 3000 3 12 12 6
2 17 0 1 0 0 0 3000 3 7 7 12
2 18 0 0 0 0 1 476 3 7 7 7
2 19 0 1 0 0 0 3000 3 13 13 7
2 20 1 0 0 1 0 3000 1 7 7 13
2 21 1 1 1 0 0 349 1 13 13 7
2 22 0 1 0 0 0 3000 2 10 10 13
2 23 0 1 0 0 0 3000 3 6 6 10
2 24 0 1 0 0 0 3000 2 3 3 6
2 25 0 1 0 0 0 3000 2 9 9 3
3 1 0 1 0 0 0 3000 1 13 13 9
3 2 0 1 0 0 0 3000 3 8 8 13
3 3 0 1 0 0 0 3000 2 12 12 8
3 4 0 0 0 0 1 613 3 12 12 12
3 5 0 1 0 0 0 3000 3 7 7 12
3 6 0 1 0 0 0 3000 2 5 5 7
3 7 0 1 0 0 0 3000 2 12 12 5
3 8 0 1 0 0 0 3000 3 11 11 12
3 9 0 1 0 0 0 3000 2 7 7 11
3 10 0 1 0 0 0 3000 2 6 6 7
3 11 0 0 0 0 1 453 3 13 13 6
3 12 1 0 0 1 0 3000 1 6 6 13
3 13 0 1 0 0 0 3000 2 5 5 6
3 14 1 1 1 0 0 397 1 6 6 5
3 15 0 1 0 0 0 3000 2 11 11 6
3 16 0 1 0 0 0 3000 2 1 1 11
3 17 0 1 0 0 0 3000 2 12 12 1
3 18 0 0 0 0 1 552 2 12 12 12
3 19 0 1 0 0 0 3000 3 2 2 12
3 20 0 1 0 0 0 3000 2 13 13 2
3 21 0 1 0 0 0 3000 3 7 7 13
3 22 0 0 0 0 1 462 3 2 2 7
3 23 0 1 0 0 0 3000 3 14 14 2
3 24 0 1 0 0 0 3000 3 3 3 14
3 25 1 1 1 0 0 533 1 14 14 3
4 1 0 1 0 0 0 3000 2 6 6 14
4 2 0 1 0 0 0 3000 2 5 5 6
4 3 0 1 0 0 0 3000 3 3 3 5
4 4 0 1 0 0 0 3000 3 4 4 3
4 5 1 1 1 0 0 360 1 3 3 4
4 6 0 1 0 0 0 3000 3 13 13 3
4 7 0 1 0 0 0 3000 3 15 15 13
4 8 0 1 0 0 0 3000 2 3 3 15
4 9 0 1 0 0 0 3000 2 7 7 3
4 10 0 1 0 0 0 3000 3 11 11 7
4 11 0 1 0 0 0 3000 2 9 9 11
4 12 0 0 0 0 1 671 3 6 6 9
4 13 1 0 0 1 0 3000 1 9 9 6
4 14 1 0 0 1 0 3000 1 6 6 9
4 15 0 1 0 0 0 3000 2 10 10 6
4 16 0 1 0 0 0 3000 2 15 15 10
4 17 0 1 0 0 0 3000 2 2 2 15
4 18 0 1 0 0 0 3000 2 7 7 2
4 19 0 1 0 0 0 3000 2 5 5 7
4 20 0 0 0 0 1 358 2 6 6 5
4 21 0 1 0 0 0 3000 2 2 2 6
4 22 1 0 0 1 0 3000 1 6 6 2
4 23 0 1 0 0 0 3000 2 3 3 6
4 24 1 1 1 0 0 562 1 6 6 3
4 25 0 1 0 0 0 3000 2 13 13 6
5 1 0 1 0 0 0 3000 1 3 3 13
5 2 0 1 0 0 0 3000 2 6 6 3
5 3 0 1 0 0 0 3000 3 5 5 6
5 4 1 1 1 0 0 396 1 6 6 5
5 5 0 1 0 0 0 3000 3 13 13 6
5 6 1 0 0 1 0 3000 1 6 6 13
5 7 1 1 1 0 0 512 1 13 13 6
5 8 0 1 0 0 0 3000 3 14 14 13
5 9 0 1 0 0 0 3000 2 6 6 14
5 10 0 1 0 0 0 3000 2 4 4 6
5 11 1 1 1 0 0 499 1 6 6 4
5 12 0 1 0 0 0 3000 3 10 10 6
5 13 0 1 0 0 0 3000 3 4 4 10
5 14 0 0 0 0 1 478 3 4 4 4
5 15 0 1 0 0 0 3000 3 1 1 4
5 16 0 1 0 0 0 3000 3 12 12 1
5 17 0 1 0 0 0 3000 3 3 3 12
5 18 0 1 0 0 0 3000 2 9 9 3
5 19 0 0 0 0 1 868 2 12 12 9
5 20 1 0 0 1 0 3000 1 9 9 12
5 21 0 1 0 0 0 3000 2 11 11 9
5 22 0 1 0 0 0 3000 2 6 6 11
5 23 0 1 0 0 0 3000 2 4 4 6
5 24 0 1 0 0 0 3000 3 10 10 4
5 25 0 1 0 0 0 3000 3 8 8 10
