1 1 0 1 0 0 0 3000 1 6 6 0
1 2 0 1 0 0 0 3000 2 11 11 6
1 3 0 1 0 0 0 3000 3 1 1 11
1 4 0 1 0 0 0 3000 3 12 12 1
1 5 1 1 1 0 0 615 1 1 1 12
1 6 0 1 0 0 0 3000 2 11 11 1
1 7 0 1 0 0 0 3000 3 15 15 11
1 8 1 1 1 0 0 756 1 11 11 15
1 9 0 1 0 0 0 3000 2 14 14 11
1 10 1 1 1 0 0 450 1 11 11 14
1 11 1 0 0 1 0 3000 1 14 14 11
1 12 0 1 0 0 0 3000 2 1 1 14
1 13 0 1 0 0 0 3000 3 1 1 1
1 14 1 1 1 0 0 408 1 1 1 1
1 15 0 1 0 0 0 3000 3 4 4 1
1 16 0 1 0 0 0 3000 3 7 7 4
1 17 1 1 1 0 0 413 1 4 4 7
1 18 0 1 0 0 0 3000 2 9 9 4
1 19 0 1 0 0 0 3000 2 1 1 9
1 20 0 1 0 0 0 3000 2 14 14 1
1 21 1 1 1 0 0 425 1 1 1 14
1 22 0 1 0 0 0 3000 3 8 8 1
1 23 0 1 0 0 0 3000 2 9 9 8
1 24 0 1 0 0 0 3000 3 15 15 9
1 25 1 1 1 0 0 504 1 9 9 15
2 1 0 1 0 0 0 3000 3 12 12 9
2 2 0 1 0 0 0 3000 2 1 1 12
2 3 0 1 0 0 0 3000 3 6 6 1
2 4 1 1 1 0 0 620 1 1 1 6
2 5 0 1 0 0 0 3000 3 4 4 1
2 6 0 1 0 0 0 3000 2 12 12 4
2 7 0 1 0 0 0 3000 3 11 11 12
2 8 1 1 1 0 0 383 1 12 12 11
2 9 0 1 0 0 0 3000 3 13 13 12
2 10 1 0 0 1 0 3000 1 12 12 13
2 11 0 1 0 0 0 3000 2 7 7 12
2 12 0 1 0 0 0 3000 3 7 7 7
2 13 0 1 0 0 0 3000 2 5 5 7
2 14 0 1 0 0 0 3000 3 2 2 5
2 15 0 1 0 0 0 3000 2 2 2 2
2 16 0 1 0 0 0 3000 2 4 4 2
2 17 1 1 1 0 0 749 1 2 2 4
2 18 0 1 0 0 0 3000 2 15 15 2
2 19 0 1 0 0 0 3000 3 5 5 15
2 20 0 1 0 0 0 3000 2 14 14 5
2 21 0 1 0 0 0 3000 2 10 10 14
2 22 1 1 1 0 0 412 1 14 14 10
2 23 1 0 0 1 0 3000 1 10 10 14
2 24 1 1 1 0 0 1581 1 14 14 10
2 25 1 0 0 1 0 3000 1 10 10 14
3 1 0 1 0 0 0 3000 3 12 12 10
3 2 0 1 0 0 0 3000 3 6 6 12
3 3 0 1 0 0 0 3000 2 9 9 6
3 4 0 1 0 0 0 3000 2 9 9 9
3 5 1 1 1 0 0 503 1 9 9 9
3 6 1 1 1 0 0 985 1 9 9 9
3 7 0 1 0 0 0 3000 2 14 14 9
3 8 0 1 0 0 0 3000 2 2 2 14
3 9 1 1 1 0 0 420 1 14 14 2
3 10 0 1 0 0 0 3000 3 9 9 14
3 11 0 1 0 0 0 3000 2 13 13 9
3 12 0 1 0 0 0 3000 2 6 6 13
3 13 1 1 1 0 0 401 1 13 13 6
3 14 0 1 0 0 0 3000 3 2 2 13
3 15 1 1 1 0 0 430 1 13 13 2
3 16 1 0 0 1 0 3000 1 2 2 13
3 17 0 1 0 0 0 3000 3 1 1 2
3 18 0 1 0 0 0 3000 2 14 14 1
3 19 0 1 0 0 0 3000 2 10 10 14
3 20 0 1 0 0 0 3000 3 10 10 10
3 21 1 1 1 0 0 378 1 10 10 10
3 22 1 1 1 0 0 1713 1 10 10 10
3 23 1 1 1 0 0 1513 1 10 10 10
3 24 1 1 1 0 0 1248 1 10 10 10
3 25 1 1 1 0 0 870 1 10 10 10
4 1 0 1 0 0 0 3000 3 1 1 10
4 2 0 1 0 0 0 3000 3 5 5 1
4 3 0 1 0 0 0 3000 2 6 6 5
4 4 0 1 0 0 0 3000 2 14 14 6
4 5 0 1 0 0 0 3000 3 12 12 14
4 6 0 1 0 0 0 3000 3 4 4 12
4 7 1 1 1 0 0 449 1 12 12 4
4 8 0 1 0 0 0 3000 3 11 11 12
4 9 0 1 0 0 0 3000 2 15 15 11
4 10 0 1 0 0 0 3000 3 15 15 15
4 11 0 1 0 0 0 3000 2 7 7 15
4 12 0 1 0 0 0 3000 2 8 8 7
4 13 0 1 0 0 0 3000 2 3 3 8
4 14 1 1 1 0 0 474 1 8 8 3
4 15 0 1 0 0 0 3000 3 8 8 8
4 16 0 0 0 0 1 1195 2 11 11 8
4 17 1 0 0 1 0 3000 1 8 8 11
4 18 0 1 0 0 0 3000 3 3 3 8
4 19 0 1 0 0 0 3000 2 9 9 3
4 20 0 1 0 0 0 3000 2 4 4 9
4 21 0 1 0 0 0 3000 3 7 7 4
4 22 1 1 1 0 0 500 1 4 4 7
4 23 1 1 1 0 0 2449 1 7 7 4
4 24 1 1 1 0 0 1961 1 4 4 7
4 25 0 1 0 0 0 3000 2 5 5 4
5 1 0 1 0 0 0 3000 3 14 14 5
5 2 0 1 0 0 0 3000 1 1 1 14
5 3 1 1 1 0 0 530 1 14 14 1
5 4 0 1 0 0 0 3000 3 2 2 14
5 5 1 1 1 0 0 393 1 14 14 2
5 6 0 1 0 0 0 3000 2 11 11 14
5 7 1 1 1 0 0 367 1 14 14 11
5 8 0 1 0 0 0 3000 3 1 1 14
5 9 1 1 1 0 0 363 1 14 14 1
5 10 1 1 1 0 0 500 1 1 1 14
5 11 0 1 0 0 0 3000 2 15 15 1
5 12 1 1 1 0 0 378 1 1 1 15
5 13 0 1 0 0 0 3000 2 9 9 1
5 14 1 1 1 0 0 505 1 1 1 9
5 15 1 1 1 0 0 1025 1 9 9 1
5 16 0 1 0 0 0 3000 3 2 2 9
5 17 0 1 0 0 0 3000 3 12 12 2
5 18 1 1 1 0 0 380 1 2 2 12
5 19 1 1 1 0 0 854 1 12 12 2
5 20 0 0 0 0 1 1092 2 12 12 12
5 21 0 1 0 0 0 3000 2 6 6 12
5 22 0 1 0 0 0 3000 2 14 14 6
5 23 0 1 0 0 0 3000 3 15 15 14
5 24 0 1 0 0 0 3000 2 3 3 15
5 25 0 1 0 0 0 3000 2 6 6 3
