1 1 0 1 0 0 0 3000 1 9 9 0
1 2 0 1 0 0 0 3000 1 15 15 9
1 3 0 1 0 0 0 3000 3 4 4 15
1 4 0 1 0 0 0 3000 2 6 6 4
1 5 1 1 1 0 0 701 1 4 4 6
1 6 0 1 0 0 0 3000 2 7 7 4
1 7 0 1 0 0 0 3000 3 3 3 7
1 8 0 1 0 0 0 3000 3 5 5 3
1 9 0 1 0 0 0 3000 2 12 12 5
1 10 0 1 0 0 0 3000 3 2 2 12
1 11 1 1 1 0 0 532 1 12 12 2
1 12 1 0 0 1 0 3000 1 2 2 12
1 13 0 1 0 0 0 3000 3 1 1 2
1 14 0 1 0 0 0 3000 2 5 5 1
1 15 0 1 0 0 0 3000 3 15 15 5
1 16 0 1 0 0 0 3000 3 10 10 15
1 17 0 0 0 0 1 726 2 5 5 10
1 18 1 0 0 1 0 3000 1 10 10 5
1 19 1 0 0 1 0 3000 1 5 5 10
1 20 0 1 0 0 0 3000 2 1 1 5
1 21 0 1 0 0 0 3000 3 2 2 1
1 22 1 0 0 1 0 3000 1 1 1 2
1 23 0 1 0 0 0 3000 3 10 10 1
1 24 0 1 0 0 0 3000 3 8 8 10
1 25 0 1 0 0 0 3000 3 7 7 8
2 1 0 1 0 0 0 3000 3 6 6 7
2 2 0 1 0 0 0 3000 3 11 11 6
2 3 1 1 1 0 0 510 1 6 6 11
2 4 0 1 0 0 0 3000 3 2 2 6
2 5 0 1 0 0 0 3000 3 11 11 2
2 6 1 1 1 0 0 620 1 2 2 11
2 7 1 0 0 1 0 3000 1 11 11 2
2 8 0 1 0 0 0 3000 2 9 9 11
2 9 0 1 0 0 0 3000 2 7 7 9
2 10 0 1 0 0 0 3000 3 7 7 7
2 11 1 1 1 0 0 405 1 7 7 7
2 12 1 0 0 1 0 3000 1 7 7 7
2 13 1 0 0 1 0 3000 1 7 7 7
2 14 1 1 1 0 0 436 1 7 7 7
2 15 0 1 0 0 0 3000 2 2 2 7
2 16 0 1 0 0 0 3000 3 10 10 2
2 17 0 1 0 0 0 3000 3 4 4 10
2 18 0 1 0 0 0 3000 3 3 3 4
2 19 1 1 1 0 0 1752 1 4 4 3
2 20 1 0 0 1 0 3000 1 3 3 4
2 21 0 1 0 0 0 3000 2 15 15 3
2 22 0 1 0 0 0 3000 2 7 7 15
2 23 0 1 0 0 0 3000 2 2 2 7
2 24 0 1 0 0 0 3000 2 6 6 2
2 25 1 1 1 0 0 905 1 2 2 6
3 1 0 1 0 0 0 3000 2 10 10 2
3 2 0 1 0 0 0 3000 3 9 9 10
3 3 0 1 0 0 0 3000 2 1 1 9
3 4 0 1 0 0 0 3000 2 15 15 1
3 5 0 1 0 0 0 3000 3 3 3 15
3 6 1 1 1 0 0 320 1 15 15 3
3 7 0 1 0 0 0 3000 3 2 2 15
3 8 1 0 0 1 0 3000 1 15 15 2
3 9 0 1 0 0 0 3000 2 15 15 15
3 10 0 1 0 0 0 3000 3 8 8 15
3 11 0 1 0 0 0 3000 2 1 1 8
3 12 1 1 1 0 0 426 1 8 8 1
3 13 0 1 0 0 0 3000 2 4 4 8
3 14 1 0 0 1 0 3000 1 8 8 4
3 15 0 1 0 0 0 3000 2 8 8 8
3 16 0 1 0 0 0 3000 2 10 10 8
3 17 0 1 0 0 0 3000 3 14 14 10
3 18 0 1 0 0 0 3000 2 8 8 14
3 19 1 1 1 0 0 939 1 14 14 8
3 20 1 0 0 1 0 3000 1 8 8 14
3 21 0 1 0 0 0 3000 3 10 10 8
3 22 0 1 0 0 0 3000 3 4 4 10
3 23 0 1 0 0 0 3000 2 15 15 4
3 24 0 1 0 0 0 3000 2 13 13 15
3 25 0 1 0 0 0 3000 2 14 14 13
4 1 0 1 0 0 0 3000 2 15 15 14
4 2 0 1 0 0 0 3000 3 11 11 15
4 3 0 1 0 0 0 3000 3 12 12 11
4 4 0 1 0 0 0 3000 3 3 3 12
4 5 0 1 0 0 0 3000 2 10 10 3
4 6 0 1 0 0 0 3000 3 4 4 10
4 7 0 1 0 0 0 3000 2 12 12 4
4 8 1 1 1 0 0 687 1 4 4 12
4 9 0 1 0 0 0 3000 2 4 4 4
4 10 0 1 0 0 0 3000 3 15 15 4
4 11 1 1 1 0 0 381 1 4 4 15
4 12 1 0 0 1 0 3000 1 15 15 4
4 13 0 1 0 0 0 3000 3 15 15 15
4 14 1 1 1 0 0 336 1 15 15 15
4 15 0 1 0 0 0 3000 2 11 11 15
4 16 0 1 0 0 0 3000 2 5 5 11
4 17 0 1 0 0 0 3000 2 10 10 5
4 18 1 1 1 0 0 586 1 5 5 10
4 19 1 0 0 1 0 3000 1 10 10 5
4 20 0 1 0 0 0 3000 3 1 1 10
4 21 1 1 1 0 0 391 1 10 10 1
4 22 0 1 0 0 0 3000 2 13 13 10
4 23 0 1 0 0 0 3000 2 13 13 13
4 24 0 1 0 0 0 3000 3 15 15 13
4 25 0 1 0 0 0 3000 3 1 1 15
5 1 0 1 0 0 0 3000 2 3 3 1
5 2 0 1 0 0 0 3000 1 3 3 3
5 3 1 1 1 0 0 378 1 3 3 3
5 4 0 1 0 0 0 3000 3 12 12 3
5 5 0 1 0 0 0 3000 2 10 10 12
5 6 1 1 1 0 0 328 1 12 12 10
5 7 1 1 1 0 0 1446 1 10 10 12
5 8 0 1 0 0 0 3000 3 10 10 10
5 9 0 1 0 0 0 3000 2 13 13 10
5 10 0 1 0 0 0 3000 3 2 2 13
5 11 1 1 1 0 0 761 1 13 13 2
5 12 0 1 0 0 0 3000 3 8 8 13
5 13 0 1 0 0 0 3000 3 6 6 8
5 14 0 1 0 0 0 3000 3 15 15 6
5 15 0 1 0 0 0 3000 2 9 9 15
5 16 0 1 0 0 0 3000 2 2 2 9
5 17 1 1 1 0 0 482 1 9 9 2
5 18 0 1 0 0 0 3000 2 8 8 9
5 19 0 1 0 0 0 3000 3 13 13 8
5 20 0 1 0 0 0 3000 2 5 5 13
5 21 0 1 0 0 0 3000 2 11 11 5
5 22 0 1 0 0 0 3000 2 8 8 11
5 23 1 1 1 0 0 639 1 11 11 8
5 24 1 0 0 1 0 3000 1 8 8 11
5 25 1 1 1 0 0 1205 1 11 11 8
