1 1 0 1 0 0 0 3000 2 10 10 0
1 2 0 1 0 0 0 3000 1 2 2 10
1 3 1 1 1 0 0 1293 1 10 10 2
1 4 0 1 0 0 0 3000 3 5 5 10
1 5 0 1 0 0 0 3000 3 11 11 5
1 6 0 1 0 0 0 3000 3 3 3 11
1 7 0 1 0 0 0 3000 3 13 13 3
1 8 1 1 1 0 0 825 1 3 3 13
1 9 1 0 0 1 0 3000 1 13 13 3
1 10 0 1 0 0 0 3000 3 14 14 13
1 11 0 1 0 0 0 3000 3 2 2 14
1 12 1 1 1 0 0 444 1 14 14 2
1 13 0 1 0 0 0 3000 3 15 15 14
1 14 0 1 0 0 0 3000 3 3 3 15
1 15 0 1 0 0 0 3000 2 11 11 3
1 16 0 1 0 0 0 3000 2 2 2 11
1 17 0 1 0 0 0 3000 3 12 12 2
1 18 0 0 0 0 1 623 3 11 11 12
1 19 0 1 0 0 0 3000 2 15 15 11
1 20 0 1 0 0 0 3000 3 5 5 15
1 21 1 1 1 0 0 1733 1 15 15 5
1 22 1 0 0 1 0 3000 1 5 5 15
1 23 1 0 0 1 0 3000 1 15 15 5
1 24 1 1 1 0 0 706 1 5 5 15
1 25 0 1 0 0 0 3000 3 3 3 5
2 1 0 1 0 0 0 3000 2 7 7 3
2 2 0 1 0 0 0 3000 1 10 10 7
2 3 1 1 1 0 0 548 1 7 7 10
2 4 0 1 0 0 0 3000 2 8 8 7
2 5 0 1 0 0 0 3000 3 1 1 8
2 6 0 1 0 0 0 3000 2 15 15 1
2 7 1 1 1 0 0 768 1 1 1 15
2 8 0 1 0 0 0 3000 3 1 1 1
2 9 1 0 0 1 0 3000 1 1 1 1
2 10 1 1 1 0 0 468 1 1 1 1
2 11 1 0 0 1 0 3000 1 1 1 1
2 12 1 0 0 1 0 3000 1 1 1 1
2 13 0 1 0 0 0 3000 2 8 8 1
2 14 1 1 1 0 0 388 1 1 1 8
2 15 0 1 0 0 0 3000 2 7 7 1
2 16 1 0 0 1 0 3000 1 1 1 7
2 17 1 1 1 0 0 657 1 7 7 1
2 18 0 1 0 0 0 3000 2 14 14 7
2 19 0 1 0 0 0 3000 2 14 14 14
2 20 0 1 0 0 0 3000 2 10 10 14
2 21 1 1 1 0 0 501 1 14 14 10
2 22 0 1 0 0 0 3000 3 8 8 14
2 23 0 1 0 0 0 3000 3 5 5 8
2 24 0 1 0 0 0 3000 3 10 10 5
2 25 0 1 0 0 0 3000 3 6 6 10
3 1 0 1 0 0 0 3000 3 4 4 6
3 2 0 1 0 0 0 3000 1 3 3 4
3 3 0 1 0 0 0 3000 3 3 3 3
3 4 0 1 0 0 0 3000 3 13 13 3
3 5 0 1 0 0 0 3000 2 1 1 13
3 6 1 1 1 0 0 1921 1 13 13 1
3 7 0 1 0 0 0 3000 3 8 8 13
3 8 0 1 0 0 0 3000 2 7 7 8
3 9 0 1 0 0 0 3000 3 1 1 7
3 10 0 1 0 0 0 3000 2 13 13 1
3 11 1 1 1 0 0 565 1 1 1 13
3 12 0 1 0 0 0 3000 2 7 7 1
3 13 1 0 0 1 0 3000 1 1 1 7
3 14 0 1 0 0 0 3000 2 4 4 1
3 15 0 1 0 0 0 3000 3 4 4 4
3 16 1 1 1 0 0 394 1 4 4 4
3 17 1 0 0 1 0 3000 1 4 4 4
3 18 0 1 0 0 0 3000 2 10 10 4
3 19 0 1 0 0 0 3000 2 15 15 10
3 20 1 1 1 0 0 931 1 10 10 15
3 21 1 0 0 1 0 3000 1 15 15 10
3 22 0 1 0 0 0 3000 3 14 14 15
3 23 1 1 1 0 0 752 1 15 15 14
3 24 1 0 0 1 0 3000 1 14 14 15
3 25 0 1 0 0 0 3000 2 1 1 14
4 1 0 1 0 0 0 3000 3 9 9 1
4 2 0 1 0 0 0 3000 3 13 13 9
4 3 1 1 1 0 0 493 1 9 9 13
4 4 0 1 0 0 0 3000 2 3 3 9
4 5 0 1 0 0 0 3000 3 5 5 3
4 6 0 1 0 0 0 3000 3 10 10 5
4 7 0 0 0 0 1 1021 3 3 3 10
4 8 0 1 0 0 0 3000 3 4 4 3
4 9 0 1 0 0 0 3000 3 13 13 4
4 10 1 1 1 0 0 410 1 4 4 13
4 11 1 0 0 1 0 3000 1 13 13 4
4 12 1 0 0 1 0 3000 1 4 4 13
4 13 0 1 0 0 0 3000 3 4 4 4
4 14 1 1 1 0 0 400 1 4 4 4
4 15 1 0 0 1 0 3000 1 4 4 4
4 16 0 1 0 0 0 3000 3 7 7 4
4 17 0 1 0 0 0 3000 2 7 7 7
4 18 0 1 0 0 0 3000 2 11 11 7
4 19 0 1 0 0 0 3000 3 5 5 11
4 20 0 1 0 0 0 3000 3 3 3 5
4 21 1 1 1 0 0 2067 1 5 5 3
4 22 0 1 0 0 0 3000 2 8 8 5
4 23 1 0 0 1 0 3000 1 5 5 8
4 24 0 1 0 0 0 3000 3 1 1 5
4 25 0 1 0 0 0 3000 3 11 11 1
5 1 0 1 0 0 0 3000 3 12 12 11
5 2 0 1 0 0 0 3000 3 1 1 12
5 3 0 1 0 0 0 3000 3 6 6 1
5 4 1 1 1 0 0 1455 1 1 1 6
5 5 0 1 0 0 0 3000 2 3 3 1
5 6 1 0 0 1 0 3000 1 1 1 3
5 7 0 1 0 0 0 3000 2 15 15 1
5 8 0 1 0 0 0 3000 2 2 2 15
5 9 0 1 0 0 0 3000 3 13 13 2
5 10 0 1 0 0 0 3000 3 4 4 13
5 11 0 0 0 0 1 528 3 5 5 4
5 12 0 1 0 0 0 3000 3 6 6 5
5 13 0 1 0 0 0 3000 2 15 15 6
5 14 1 1 1 0 0 364 1 6 6 15
5 15 0 1 0 0 0 3000 2 8 8 6
5 16 0 1 0 0 0 3000 3 4 4 8
5 17 1 1 1 0 0 376 1 8 8 4
5 18 0 1 0 0 0 3000 2 13 13 8
5 19 1 0 0 1 0 3000 1 8 8 13
5 20 1 1 1 0 0 358 1 13 13 8
5 21 0 1 0 0 0 3000 2 3 3 13
5 22 1 0 0 1 0 3000 1 13 13 3
5 23 1 1 1 0 0 983 1 3 3 13
5 24 0 1 0 0 0 3000 2 8 8 3
5 25 1 0 0 1 0 3000 1 3 3 8
