1 1 0 1 0 0 0 3000 3 12 12 0
1 2 0 1 0 0 0 3000 1 10 10 12
1 3 1 1 1 0 0 664 1 12 12 10
1 4 1 1 1 0 0 1048 1 10 10 12
1 5 1 1 1 0 0 687 1 12 12 10
1 6 0 1 0 0 0 3000 2 13 13 12
1 7 1 1 1 0 0 405 1 12 12 13
1 8 0 1 0 0 0 3000 2 6 6 12
1 9 1 1 1 0 0 708 1 12 12 6
1 10 0 0 0 0 1 627 2 12 12 12
1 11 0 1 0 0 0 3000 2 5 5 12
1 12 1 1 1 0 0 521 1 12 12 5
1 13 0 1 0 0 0 3000 2 2 2 12
1 14 0 1 0 0 0 3000 3 4 4 2
1 15 0 1 0 0 0 3000 3 3 3 4
1 16 0 1 0 0 0 3000 2 15 15 3
1 17 0 1 0 0 0 3000 3 14 14 15
1 18 1 1 1 0 0 683 1 15 15 14
1 19 0 1 0 0 0 3000 2 15 15 15
1 20 0 1 0 0 0 3000 3 13 13 15
1 21 0 1 0 0 0 3000 2 4 4 13
1 22 0 1 0 0 0 3000 3 9 9 4
1 23 1 1 1 0 0 886 1 4 4 9
1 24 0 1 0 0 0 3000 2 5 5 4
1 25 0 1 0 0 0 3000 3 8 8 5
2 1 0 1 0 0 0 3000 2 14 14 8
2 2 0 1 0 0 0 3000 1 13 13 14
2 3 0 1 0 0 0 3000 3 4 4 13
2 4 0 1 0 0 0 3000 2 10 10 4
2 5 1 1 1 0 0 411 1 4 4 10
2 6 0 1 0 0 0 3000 2 11 11 4
2 7 1 1 1 0 0 521 1 4 4 11
2 8 0 1 0 0 0 3000 2 8 8 4
2 9 1 1 1 0 0 536 1 4 4 8
2 10 0 1 0 0 0 3000 2 9 9 4
2 11 0 1 0 0 0 3000 2 12 12 9
2 12 0 1 0 0 0 3000 2 6 6 12
2 13 1 1 1 0 0 365 1 12 12 6
2 14 1 1 1 0 0 676 1 6 6 12
2 15 0 1 0 0 0 3000 2 13 13 6
2 16 0 1 0 0 0 3000 3 9 9 13
2 17 0 1 0 0 0 3000 3 7 7 9
2 18 0 1 0 0 0 3000 2 15 15 7
2 19 0 1 0 0 0 3000 3 6 6 15
2 20 0 1 0 0 0 3000 3 2 2 6
2 21 1 1 1 0 0 610 1 6 6 2
2 22 0 1 0 0 0 3000 3 3 3 6
2 23 0 1 0 0 0 3000 2 9 9 3
2 24 0 1 0 0 0 3000 3 12 12 9
2 25 0 1 0 0 0 3000 3 13 13 12
3 1 0 1 0 0 0 3000 3 5 5 13
3 2 0 1 0 0 0 3000 3 3 3 5
3 3 1 1 1 0 0 429 1 5 5 3
3 4 0 1 0 0 0 3000 2 9 9 5
3 5 0 1 0 0 0 3000 3 14 14 9
3 6 1 1 1 0 0 642 1 9 9 14
3 7 1 1 1 0 0 680 1 14 14 9
3 8 1 1 1 0 0 486 1 9 9 14
3 9 1 1 1 0 0 469 1 14 14 9
3 10 0 1 0 0 0 3000 3 3 3 14
3 11 1 1 1 0 0 412 1 14 14 3
3 12 1 1 1 0 0 405 1 3 3 14
3 13 0 1 0 0 0 3000 3 8 8 3
3 14 0 1 0 0 0 3000 2 4 4 8
3 15 0 1 0 0 0 3000 3 6 6 4
3 16 0 1 0 0 0 3000 2 13 13 6
3 17 1 1 1 0 0 568 1 6 6 13
3 18 1 1 1 0 0 704 1 13 13 6
3 19 0 1 0 0 0 3000 2 10 10 13
3 20 0 1 0 0 0 3000 2 9 9 10
3 21 0 1 0 0 0 3000 2 5 5 9
3 22 0 1 0 0 0 3000 2 14 14 5
3 23 0 0 0 0 1 474 2 13 13 14
3 24 1 1 1 0 0 556 1 14 14 13
3 25 1 1 1 0 0 611 1 13 13 14
4 1 0 1 0 0 0 3000 1 13 13 13
4 2 0 1 0 0 0 3000 3 2 2 13
4 3 0 1 0 0 0 3000 3 8 8 2
4 4 0 1 0 0 0 3000 2 12 12 8
4 5 0 1 0 0 0 3000 3 5 5 12
4 6 1 1 1 0 0 487 1 12 12 5
4 7 0 1 0 0 0 3000 2 6 6 12
4 8 0 1 0 0 0 3000 3 7 7 6
4 9 0 1 0 0 0 3000 3 11 11 7
4 10 0 1 0 0 0 3000 3 8 8 11
4 11 0 1 0 0 0 3000 3 10 10 8
4 12 0 1 0 0 0 3000 3 5 5 10
4 13 0 0 0 0 1 555 3 5 5 5
4 14 0 0 0 0 1 723 3 10 10 5
4 15 1 1 1 0 0 609 1 5 5 10
4 16 1 1 1 0 0 712 1 10 10 5
4 17 0 1 0 0 0 3000 2 12 12 10
4 18 0 1 0 0 0 3000 3 3 3 12
4 19 0 1 0 0 0 3000 2 6 6 3
4 20 0 1 0 0 0 3000 2 4 4 6
4 21 1 1 1 0 0 531 1 6 6 4
4 22 0 1 0 0 0 3000 3 2 2 6
4 23 0 1 0 0 0 3000 3 14 14 2
4 24 1 1 1 0 0 577 1 2 2 14
4 25 0 1 0 0 0 3000 3 8 8 2
5 1 0 1 0 0 0 3000 1 7 7 8
5 2 0 1 0 0 0 3000 2 6 6 7
5 3 0 1 0 0 0 3000 3 2 2 6
5 4 0 1 0 0 0 3000 2 4 4 2
5 5 0 1 0 0 0 3000 3 6 6 4
5 6 1 1 1 0 0 581 1 4 4 6
5 7 0 1 0 0 0 3000 2 1 1 4
5 8 1 1 1 0 0 445 1 4 4 1
5 9 0 1 0 0 0 3000 3 3 3 4
5 10 0 1 0 0 0 3000 3 9 9 3
5 11 1 1 1 0 0 563 1 3 3 9
5 12 1 1 1 0 0 425 1 9 9 3
5 13 1 1 1 0 0 547 1 3 3 9
5 14 0 1 0 0 0 3000 3 2 2 3
5 15 0 1 0 0 0 3000 2 8 8 2
5 16 0 1 0 0 0 3000 3 13 13 8
5 17 1 1 1 0 0 477 1 8 8 13
5 18 0 1 0 0 0 3000 2 14 14 8
5 19 1 1 1 0 0 582 1 8 8 14
5 20 1 1 1 0 0 607 1 14 14 8
5 21 1 1 1 0 0 450 1 8 8 14
5 22 1 1 1 0 0 536 1 14 14 8
5 23 1 1 1 0 0 358 1 8 8 14
5 24 1 1 1 0 0 462 1 14 14 8
5 25 0 1 0 0 0 3000 3 1 1 14
