1 1 0 1 0 0 0 3000 3 14 14 0
1 2 0 1 0 0 0 3000 3 11 11 14
1 3 0 1 0 0 0 3000 2 15 15 11
1 4 0 1 0 0 0 3000 3 12 12 15
1 5 0 1 0 0 0 3000 2 2 2 12
1 6 0 1 0 0 0 3000 3 14 14 2
1 7 0 1 0 0 0 3000 2 6 6 14
1 8 1 1 1 0 0 335 1 14 14 6
1 9 0 1 0 0 0 3000 2 9 9 14
1 10 0 1 0 0 0 3000 3 4 4 9
1 11 0 1 0 0 0 3000 2 14 14 4
1 12 1 1 1 0 0 848 1 4 4 14
1 13 0 1 0 0 0 3000 2 11 11 4
1 14 0 1 0 0 0 3000 3 14 14 11
1 15 0 1 0 0 0 3000 2 2 2 14
1 16 1 1 1 0 0 644 1 14 14 2
1 17 1 1 1 0 0 444 1 2 2 14
1 18 0 1 0 0 0 3000 2 7 7 2
1 19 1 1 1 0 0 490 1 2 2 7
1 20 0 1 0 0 0 3000 3 6 6 2
1 21 0 1 0 0 0 3000 2 8 8 6
1 22 0 1 0 0 0 3000 2 2 2 8
1 23 0 1 0 0 0 3000 3 1 1 2
1 24 0 1 0 0 0 3000 2 13 13 1
1 25 0 1 0 0 0 3000 2 14 14 13
2 1 0 1 0 0 0 3000 1 6 6 14
2 2 0 1 0 0 0 3000 3 6 6 6
2 3 1 1 1 0 0 1504 1 6 6 6
2 4 0 1 0 0 0 3000 3 9 9 6
2 5 0 1 0 0 0 3000 2 11 11 9
2 6 0 1 0 0 0 3000 3 5 5 11
2 7 1 1 1 0 0 386 1 11 11 5
2 8 1 1 1 0 0 403 1 5 5 11
2 9 1 1 1 0 0 338 1 11 11 5
2 10 0 0 0 0 1 355 2 11 11 11
2 11 0 1 0 0 0 3000 3 13 13 11
2 12 0 1 0 0 0 3000 2 13 13 13
2 13 1 1 1 0 0 457 1 13 13 13
2 14 1 1 1 0 0 405 1 13 13 13
2 15 0 1 0 0 0 3000 3 4 4 13
2 16 0 1 0 0 0 3000 3 14 14 4
2 17 0 1 0 0 0 3000 3 1 1 14
2 18 0 1 0 0 0 3000 3 8 8 1
2 19 0 1 0 0 0 3000 2 13 13 8
2 20 0 1 0 0 0 3000 2 14 14 13
2 21 1 1 1 0 0 587 1 13 13 14
2 22 0 1 0 0 0 3000 3 9 9 13
2 23 1 1 1 0 0 786 1 13 13 9
2 24 0 1 0 0 0 3000 2 4 4 13
2 25 0 1 0 0 0 3000 2 3 3 4
3 1 0 1 0 0 0 3000 3 7 7 3
3 2 0 1 0 0 0 3000 2 12 12 7
3 3 0 1 0 0 0 3000 3 11 11 12
3 4 0 1 0 0 0 3000 2 11 11 11
3 5 0 1 0 0 0 3000 3 8 8 11
3 6 0 1 0 0 0 3000 2 13 13 8
3 7 0 1 0 0 0 3000 3 3 3 13
3 8 0 1 0 0 0 3000 2 14 14 3
3 9 0 1 0 0 0 3000 3 10 10 14
3 10 0 1 0 0 0 3000 2 2 2 10
3 11 1 1 1 0 0 455 1 10 10 2
3 12 0 1 0 0 0 3000 3 4 4 10
3 13 0 1 0 0 0 3000 2 6 6 4
3 14 1 1 1 0 0 478 1 4 4 6
3 15 1 1 1 0 0 420 1 6 6 4
3 16 0 1 0 0 0 3000 2 11 11 6
3 17 0 1 0 0 0 3000 3 10 10 11
3 18 0 1 0 0 0 3000 2 5 5 10
3 19 0 1 0 0 0 3000 2 4 4 5
3 20 1 1 1 0 0 322 1 5 5 4
3 21 1 1 1 0 0 799 1 4 4 5
3 22 0 1 0 0 0 3000 3 14 14 4
3 23 0 0 0 0 1 1349 3 10 10 14
3 24 0 1 0 0 0 3000 2 12 12 10
3 25 0 1 0 0 0 3000 3 2 2 12
4 1 0 1 0 0 0 3000 1 7 7 2
4 2 0 1 0 0 0 3000 3 13 13 7
4 3 0 1 0 0 0 3000 2 12 12 13
4 4 1 1 1 0 0 547 1 13 13 12
4 5 0 1 0 0 0 3000 2 7 7 13
4 6 0 1 0 0 0 3000 2 14 14 7
4 7 0 1 0 0 0 3000 3 10 10 14
4 8 0 1 0 0 0 3000 2 6 6 10
4 9 0 1 0 0 0 3000 2 12 12 6
4 10 1 1 1 0 0 980 1 6 6 12
4 11 0 1 0 0 0 3000 3 11 11 6
4 12 1 1 1 0 0 371 1 6 6 11
4 13 0 1 0 0 0 3000 2 4 4 6
4 14 0 1 0 0 0 3000 3 12 12 4
4 15 0 1 0 0 0 3000 3 15 15 12
4 16 1 1 1 0 0 549 1 12 12 15
4 17 1 1 1 0 0 451 1 15 15 12
4 18 1 1 1 0 0 483 1 12 12 15
4 19 1 1 1 0 0 380 1 15 15 12
4 20 0 1 0 0 0 3000 3 1 1 15
4 21 1 1 1 0 0 360 1 15 15 1
4 22 1 1 1 0 0 398 1 1 1 15
4 23 0 1 0 0 0 3000 3 1 1 1
4 24 1 1 1 0 0 418 1 1 1 1
4 25 1 1 1 0 0 479 1 1 1 1
5 1 0 1 0 0 0 3000 3 2 2 1
5 2 0 1 0 0 0 3000 3 9 9 2
5 3 1 1 1 0 0 445 1 2 2 9
5 4 0 1 0 0 0 3000 2 8 8 2
5 5 1 1 1 0 0 414 1 2 2 8
5 6 1 1 1 0 0 428 1 8 8 2
5 7 1 1 1 0 0 356 1 2 2 8
5 8 1 1 1 0 0 405 1 8 8 2
5 9 0 1 0 0 0 3000 3 10 10 8
5 10 1 0 0 1 0 3000 1 8 8 10
5 11 0 1 0 0 0 3000 3 2 2 8
5 12 0 1 0 0 0 3000 3 4 4 2
5 13 0 1 0 0 0 3000 2 14 14 4
5 14 1 1 1 0 0 404 1 4 4 14
5 15 0 1 0 0 0 3000 3 4 4 4
5 16 0 1 0 0 0 3000 2 2 2 4
5 17 0 1 0 0 0 3000 3 6 6 2
5 18 0 1 0 0 0 3000 3 14 14 6
5 19 0 1 0 0 0 3000 2 1 1 14
5 20 0 1 0 0 0 3000 3 12 12 1
5 21 0 1 0 0 0 3000 2 11 11 12
5 22 1 1 1 0 0 399 1 12 12 11
5 23 0 1 0 0 0 3000 2 14 14 12
5 24 1 0 0 1 0 3000 1 12 12 14
5 25 0 1 0 0 0 3000 3 3 3 12
