1 1 0 1 0 0 0 3000 1 4 4 0
1 2 0 1 0 0 0 3000 3 11 11 4
1 3 0 1 0 0 0 3000 3 1 1 11
1 4 0 1 0 0 0 3000 3 8 8 1
1 5 1 0 0 1 0 3000 1 1 1 8
1 6 1 0 0 1 0 3000 1 8 8 1
1 7 0 1 0 0 0 3000 3 15 15 8
1 8 1 0 0 1 0 3000 1 8 8 15
1 9 0 1 0 0 0 3000 3 1 1 8
1 10 1 0 0 1 0 3000 1 8 8 1
1 11 0 1 0 0 0 3000 3 3 3 8
1 12 1 0 0 1 0 3000 1 8 8 3
1 13 0 1 0 0 0 3000 3 9 9 8
1 14 0 1 0 0 0 3000 2 15 15 9
1 15 0 1 0 0 0 3000 3 13 13 15
1 16 1 0 0 1 0 3000 1 15 15 13
1 17 1 0 0 1 0 3000 1 13 13 15
1 18 0 1 0 0 0 3000 2 10 10 13
1 19 0 1 0 0 0 3000 3 3 3 10
1 20 0 1 0 0 0 3000 2 11 11 3
1 21 0 1 0 0 0 3000 2 12 12 11
1 22 1 0 0 1 0 3000 1 11 11 12
1 23 0 1 0 0 0 3000 2 15 15 11
1 24 0 1 0 0 0 3000 2 4 4 15
1 25 1 0 0 1 0 3000 1 15 15 4
2 1 0 1 0 0 0 3000 2 12 12 15
2 2 0 1 0 0 0 3000 3 14 14 12
2 3 0 1 0 0 0 3000 2 8 8 14
2 4 0 1 0 0 0 3000 3 1 1 8
2 5 0 1 0 0 0 3000 3 7 7 1
2 6 0 1 0 0 0 3000 3 14 14 7
2 7 0 1 0 0 0 3000 3 6 6 14
2 8 0 1 0 0 0 3000 2 11 11 6
2 9 0 1 0 0 0 3000 3 4 4 11
2 10 0 0 0 0 1 1391 3 6 6 4
2 11 1 0 0 1 0 3000 1 4 4 6
2 12 1 0 0 1 0 3000 1 6 6 4
2 13 0 1 0 0 0 3000 2 1 1 6
2 14 1 1 1 0 0 819 1 6 6 1
2 15 0 1 0 0 0 3000 2 10 10 6
2 16 0 1 0 0 0 3000 2 13 13 10
2 17 1 1 1 0 0 599 1 10 10 13
2 18 1 1 1 0 0 1408 1 13 13 10
2 19 0 1 0 0 0 3000 3 8 8 13
2 20 1 1 1 0 0 716 1 13 13 8
2 21 0 1 0 0 0 3000 2 11 11 13
2 22 0 1 0 0 0 3000 2 8 8 11
2 23 0 1 0 0 0 3000 3 10 10 8
2 24 1 1 1 0 0 480 1 8 8 10
2 25 0 1 0 0 0 3000 3 9 9 8
3 1 0 1 0 0 0 3000 3 5 5 9
3 2 0 1 0 0 0 3000 1 5 5 5
3 3 1 1 1 0 0 576 1 5 5 5
3 4 1 1 1 0 0 1602 1 5 5 5
3 5 0 1 0 0 0 3000 3 13 13 5
3 6 0 1 0 0 0 3000 2 3 3 13
3 7 0 1 0 0 0 3000 2 1 1 3
3 8 0 1 0 0 0 3000 3 13 13 1
3 9 1 0 0 1 0 3000 1 1 1 13
3 10 1 1 1 0 0 850 1 13 13 1
3 11 0 1 0 0 0 3000 3 13 13 13
3 12 0 1 0 0 0 3000 2 12 12 13
3 13 0 1 0 0 0 3000 3 3 3 12
3 14 0 1 0 0 0 3000 2 9 9 3
3 15 0 1 0 0 0 3000 2 11 11 9
3 16 0 1 0 0 0 3000 2 6 6 11
3 17 1 1 1 0 0 1018 1 11 11 6
3 18 0 1 0 0 0 3000 3 4 4 11
3 19 1 1 1 0 0 497 1 11 11 4
3 20 0 1 0 0 0 3000 2 15 15 11
3 21 0 1 0 0 0 3000 2 2 2 15
3 22 0 1 0 0 0 3000 3 4 4 2
3 23 1 1 1 0 0 1105 1 2 2 4
3 24 0 1 0 0 0 3000 3 8 8 2
3 25 0 1 0 0 0 3000 2 7 7 8
4 1 0 1 0 0 0 3000 1 14 14 7
4 2 0 1 0 0 0 3000 1 1 1 14
4 3 1 1 1 0 0 749 1 14 14 1
4 4 1 1 1 0 0 1007 1 1 1 14
4 5 0 1 0 0 0 3000 3 10 10 1
4 6 0 1 0 0 0 3000 3 13 13 10
4 7 0 1 0 0 0 3000 3 11 11 13
4 8 1 1 1 0 0 705 1 13 13 11
4 9 1 1 1 0 0 1289 1 11 11 13
4 10 1 1 1 0 0 2200 1 13 13 11
4 11 1 1 1 0 0 1142 1 11 11 13
4 12 0 1 0 0 0 3000 3 8 8 11
4 13 1 1 1 0 0 428 1 11 11 8
4 14 0 1 0 0 0 3000 3 9 9 11
4 15 0 1 0 0 0 3000 2 12 12 9
4 16 0 1 0 0 0 3000 3 12 12 12
4 17 1 1 1 0 0 833 1 12 12 12
4 18 0 1 0 0 0 3000 2 3 3 12
4 19 0 1 0 0 0 3000 2 13 13 3
4 20 0 1 0 0 0 3000 3 14 14 13
4 21 1 1 1 0 0 1341 1 13 13 14
4 22 0 1 0 0 0 3000 2 2 2 13
4 23 0 1 0 0 0 3000 2 1 1 2
4 24 1 1 1 0 0 1147 1 2 2 1
4 25 0 1 0 0 0 3000 3 13 13 2
5 1 0 1 0 0 0 3000 1 3 3 13
5 2 0 1 0 0 0 3000 2 2 2 3
5 3 1 1 1 0 0 650 1 3 3 2
5 4 0 1 0 0 0 3000 3 12 12 3
5 5 0 1 0 0 0 3000 2 15 15 12
5 6 1 1 1 0 0 840 1 12 12 15
5 7 1 1 1 0 0 1120 1 15 15 12
5 8 0 1 0 0 0 3000 3 5 5 15
5 9 0 1 0 0 0 3000 3 2 2 5
5 10 0 1 0 0 0 3000 2 9 9 2
5 11 0 1 0 0 0 3000 2 9 9 9
5 12 0 1 0 0 0 3000 3 7 7 9
5 13 1 1 1 0 0 962 1 9 9 7
5 14 0 1 0 0 0 3000 3 14 14 9
5 15 0 0 0 0 1 1072 2 7 7 14
5 16 0 1 0 0 0 3000 2 12 12 7
5 17 1 1 1 0 0 573 1 7 7 12
5 18 0 1 0 0 0 3000 3 11 11 7
5 19 1 1 1 0 0 1020 1 7 7 11
5 20 1 1 1 0 0 1076 1 11 11 7
5 21 0 1 0 0 0 3000 2 3 3 11
5 22 0 1 0 0 0 3000 2 1 1 3
5 23 0 1 0 0 0 3000 3 9 9 1
5 24 0 1 0 0 0 3000 3 5 5 9
5 25 1 1 1 0 0 516 1 9 9 5
