1 1 0 0 0 0 1 2978 2 10 10 0
1 2 0 1 0 0 0 3000 1 1 1 10
1 3 0 1 0 0 0 3000 3 15 15 1
1 4 1 1 1 0 0 860 1 1 1 15
1 5 1 1 1 0 0 1173 1 15 15 1
1 6 1 1 1 0 0 947 1 1 1 15
1 7 1 1 1 0 0 1019 1 15 15 1
1 8 0 1 0 0 0 3000 3 11 11 15
1 9 0 1 0 0 0 3000 3 7 7 11
1 10 1 1 1 0 0 720 1 11 11 7
1 11 0 1 0 0 0 3000 2 6 6 11
1 12 0 1 0 0 0 3000 3 13 13 6
1 13 1 1 1 0 0 2116 1 6 6 13
1 14 0 1 0 0 0 3000 3 12 12 6
1 15 0 0 0 0 1 1036 3 13 13 12
1 16 1 1 1 0 0 770 1 12 12 13
1 17 0 1 0 0 0 3000 3 2 2 12
1 18 0 0 0 0 1 696 3 13 13 2
1 19 0 0 0 0 1 1111 3 13 13 13
1 20 0 0 0 0 1 2954 2 12 12 13
1 21 0 1 0 0 0 3000 3 9 9 12
1 22 0 1 0 0 0 3000 3 2 2 9
1 23 0 1 0 0 0 3000 3 14 14 2
1 24 0 1 0 0 0 3000 3 11 11 14
1 25 0 1 0 0 0 3000 3 10 10 11
2 1 0 1 0 0 0 3000 3 14 14 10
2 2 0 1 0 0 0 3000 3 11 11 14
2 3 1 1 1 0 0 494 1 14 14 11
2 4 0 1 0 0 0 3000 2 3 3 14
2 5 0 1 0 0 0 3000 2 10 10 3
2 6 0 1 0 0 0 3000 3 10 10 10
2 7 0 1 0 0 0 3000 3 12 12 10
2 8 0 1 0 0 0 3000 2 8 8 12
2 9 0 0 0 0 1 628 3 3 3 8
2 10 0 1 0 0 0 3000 3 2 2 3
2 11 0 1 0 0 0 3000 3 15 15 2
2 12 0 1 0 0 0 3000 3 13 13 15
2 13 0 1 0 0 0 3000 3 5 5 13
2 14 0 1 0 0 0 3000 2 12 12 5
2 15 0 1 0 0 0 3000 2 4 4 12
2 16 0 0 0 0 1 517 2 15 15 4
2 17 0 0 0 0 1 901 2 13 13 15
2 18 1 1 1 0 0 1448 1 15 15 13
2 19 1 1 1 0 0 1082 1 13 13 15
2 20 0 1 0 0 0 3000 2 7 7 13
2 21 0 0 0 0 1 1096 2 15 15 7
2 22 0 1 0 0 0 3000 3 5 5 15
2 23 0 1 0 0 0 3000 3 6 6 5
2 24 0 1 0 0 0 3000 3 1 1 6
2 25 1 1 1 0 0 1148 1 6 6 1
3 1 0 1 0 0 0 3000 1 2 2 6
3 2 0 1 0 0 0 3000 3 14 14 2
3 3 1 1 1 0 0 454 1 2 2 14
3 4 1 1 1 0 0 1199 1 14 14 2
3 5 0 1 0 0 0 3000 2 5 5 14
3 6 0 1 0 0 0 3000 2 2 2 5
3 7 1 1 1 0 0 851 1 5 5 2
3 8 1 1 1 0 0 1805 1 2 2 5
3 9 0 1 0 0 0 3000 3 15 15 2
3 10 0 1 0 0 0 3000 2 3 3 15
3 11 1 1 1 0 0 960 1 15 15 3
3 12 1 1 1 0 0 576 1 3 3 15
3 13 0 1 0 0 0 3000 3 14 14 3
3 14 1 1 1 0 0 748 1 3 3 14
3 15 0 1 0 0 0 3000 3 4 4 3
3 16 1 1 1 0 0 425 1 3 3 4
3 17 0 1 0 0 0 3000 2 2 2 3
3 18 0 0 0 0 1 1738 3 4 4 2
3 19 1 1 1 0 0 890 1 2 2 4
3 20 0 1 0 0 0 3000 3 6 6 2
3 21 0 0 0 0 1 833 3 4 4 6
3 22 0 1 0 0 0 3000 3 8 8 4
3 23 0 1 0 0 0 3000 2 12 12 8
3 24 1 1 1 0 0 1012 1 8 8 12
3 25 0 1 0 0 0 3000 3 7 7 8
4 1 0 1 0 0 0 3000 3 4 4 7
4 2 0 1 0 0 0 3000 3 6 6 4
4 3 0 1 0 0 0 3000 3 9 9 6
4 4 1 1 1 0 0 691 1 6 6 9
4 5 0 1 0 0 0 3000 2 7 7 6
4 6 0 1 0 0 0 3000 2 9 9 7
4 7 0 1 0 0 0 3000 2 5 5 9
4 8 1 1 1 0 0 417 1 9 9 5
4 9 0 1 0 0 0 3000 2 12 12 9
4 10 0 0 0 0 1 545 2 5 5 12
4 11 0 1 0 0 0 3000 3 5 5 5
4 12 1 0 0 1 0 3000 1 5 5 5
4 13 1 1 1 0 0 931 1 5 5 5
4 14 0 1 0 0 0 3000 3 6 6 5
4 15 0 1 0 0 0 3000 2 3 3 6
4 16 1 1 1 0 0 625 1 6 6 3
4 17 1 1 1 0 0 3000 1 3 3 6
4 18 0 0 0 0 1 1824 2 5 5 3
4 19 0 1 0 0 0 3000 3 13 13 5
4 20 0 1 0 0 0 3000 2 4 4 13
4 21 1 1 1 0 0 485 1 13 13 4
4 22 0 1 0 0 0 3000 2 11 11 13
4 23 0 1 0 0 0 3000 3 6 6 11
4 24 0 1 0 0 0 3000 3 8 8 6
4 25 0 1 0 0 0 3000 3 15 15 8
5 1 0 1 0 0 0 3000 1 6 6 15
5 2 0 1 0 0 0 3000 2 2 2 6
5 3 0 1 0 0 0 3000 2 10 10 2
5 4 1 1 1 0 0 555 1 2 2 10
5 5 0 1 0 0 0 3000 2 2 2 2
5 6 1 0 0 1 0 3000 1 2 2 2
5 7 1 1 1 0 0 872 1 2 2 2
5 8 0 1 0 0 0 3000 3 9 9 2
5 9 0 1 0 0 0 3000 3 1 1 9
5 10 1 1 1 0 0 453 1 9 9 1
5 11 0 1 0 0 0 3000 2 6 6 9
5 12 0 1 0 0 0 3000 3 7 7 6
5 13 1 0 0 1 0 3000 1 6 6 7
5 14 0 1 0 0 0 3000 2 4 4 6
5 15 0 1 0 0 0 3000 3 13 13 4
5 16 0 1 0 0 0 3000 3 1 1 13
5 17 0 1 0 0 0 3000 2 11 11 1
5 18 0 0 0 0 1 702 2 9 9 11
5 19 0 0 0 0 1 823 3 4 4 9
5 20 0 1 0 0 0 3000 2 6 6 4
5 21 0 1 0 0 0 3000 2 5 5 6
5 22 1 0 0 1 0 3000 1 6 6 5
5 23 0 1 0 0 0 3000 3 11 11 6
5 24 0 1 0 0 0 3000 3 12 12 11
5 25 1 1 1 0 0 646 1 11 11 12
