1 1 0 1 0 0 0 3000 2 8 8 0
1 2 0 1 0 0 0 3000 1 10 10 8
1 3 0 1 0 0 0 3000 3 7 7 10
1 4 0 1 0 0 0 3000 3 1 1 7
1 5 0 1 0 0 0 3000 2 14 14 1
1 6 0 1 0 0 0 3000 3 12 12 14
1 7 1 1 1 0 0 413 1 14 14 12
1 8 1 1 1 0 0 507 1 12 12 14
1 9 1 1 1 0 0 636 1 14 14 12
1 10 0 1 0 0 0 3000 2 1 1 14
1 11 0 1 0 0 0 3000 2 9 9 1
1 12 1 1 1 0 0 649 1 1 1 9
1 13 1 1 1 0 0 391 1 9 9 1
1 14 0 1 0 0 0 3000 2 11 11 9
1 15 0 1 0 0 0 3000 3 4 4 11
1 16 0 1 0 0 0 3000 2 3 3 4
1 17 0 0 0 0 1 516 3 3 3 3
1 18 0 1 0 0 0 3000 2 4 4 3
1 19 1 1 1 0 0 754 1 3 3 4
1 20 0 1 0 0 0 3000 2 2 2 3
1 21 0 1 0 0 0 3000 2 4 4 2
1 22 1 1 1 0 0 663 1 2 2 4
1 23 0 1 0 0 0 3000 2 12 12 2
1 24 0 1 0 0 0 3000 2 15 15 12
1 25 0 1 0 0 0 3000 3 10 10 15
2 1 0 1 0 0 0 3000 2 3 3 10
2 2 0 1 0 0 0 3000 1 7 7 3
2 3 0 1 0 0 0 3000 3 15 15 7
2 4 0 1 0 0 0 3000 2 3 3 15
2 5 1 1 1 0 0 709 1 15 15 3
2 6 0 1 0 0 0 3000 2 7 7 15
2 7 1 1 1 0 0 739 1 15 15 7
2 8 0 1 0 0 0 3000 3 15 15 15
2 9 0 1 0 0 0 3000 3 10 10 15
2 10 0 1 0 0 0 3000 2 12 12 10
2 11 0 1 0 0 0 3000 2 6 6 12
2 12 0 1 0 0 0 3000 2 3 3 6
2 13 0 1 0 0 0 3000 3 7 7 3
2 14 1 1 1 0 0 437 1 3 3 7
2 15 1 1 1 0 0 779 1 7 7 3
2 16 0 1 0 0 0 3000 2 4 4 7
2 17 1 1 1 0 0 426 1 7 7 4
2 18 1 1 1 0 0 634 1 4 4 7
2 19 1 1 1 0 0 451 1 7 7 4
2 20 0 1 0 0 0 3000 2 3 3 7
2 21 0 0 0 0 1 1010 3 3 3 3
2 22 0 1 0 0 0 3000 3 13 13 3
2 23 0 1 0 0 0 3000 3 10 10 13
2 24 1 1 1 0 0 511 1 13 13 10
2 25 0 1 0 0 0 3000 3 9 9 13
3 1 0 1 0 0 0 3000 2 14 14 9
3 2 0 1 0 0 0 3000 1 3 3 14
3 3 1 1 1 0 0 529 1 14 14 3
3 4 0 1 0 0 0 3000 3 8 8 14
3 5 1 1 1 0 0 489 1 14 14 8
3 6 0 1 0 0 0 3000 3 9 9 14
3 7 1 1 1 0 0 666 1 14 14 9
3 8 1 1 1 0 0 409 1 9 9 14
3 9 1 1 1 0 0 552 1 14 14 9
3 10 1 1 1 0 0 656 1 9 9 14
3 11 1 1 1 0 0 543 1 14 14 9
3 12 1 1 1 0 0 543 1 9 9 14
3 13 0 1 0 0 0 3000 2 12 12 9
3 14 1 1 1 0 0 653 1 9 9 12
3 15 0 1 0 0 0 3000 3 4 4 9
3 16 0 1 0 0 0 3000 3 8 8 4
3 17 1 1 1 0 0 385 1 4 4 8
3 18 0 1 0 0 0 3000 2 14 14 4
3 19 0 1 0 0 0 3000 3 3 3 14
3 20 0 1 0 0 0 3000 3 8 8 3
3 21 1 1 1 0 0 549 1 3 3 8
3 22 0 1 0 0 0 3000 3 11 11 3
3 23 1 1 1 0 0 466 1 3 3 11
3 24 0 1 0 0 0 3000 2 8 8 3
3 25 1 1 1 0 0 419 1 3 3 8
4 1 0 1 0 0 0 3000 2 11 11 3
4 2 0 1 0 0 0 3000 1 12 12 11
4 3 1 1 1 0 0 382 1 11 11 12
4 4 1 1 1 0 0 399 1 12 12 11
4 5 0 1 0 0 0 3000 2 12 12 12
4 6 0 1 0 0 0 3000 2 3 3 12
4 7 0 1 0 0 0 3000 3 15 15 3
4 8 0 1 0 0 0 3000 2 9 9 15
4 9 0 1 0 0 0 3000 2 10 10 9
4 10 0 1 0 0 0 3000 3 1 1 10
4 11 0 1 0 0 0 3000 2 2 2 1
4 12 0 1 0 0 0 3000 2 13 13 2
4 13 0 1 0 0 0 3000 3 6 6 13
4 14 0 1 0 0 0 3000 3 6 6 6
4 15 1 1 1 0 0 607 1 6 6 6
4 16 1 1 1 0 0 505 1 6 6 6
4 17 1 1 1 0 0 596 1 6 6 6
4 18 0 1 0 0 0 3000 3 13 13 6
4 19 0 1 0 0 0 3000 3 14 14 13
4 20 1 1 1 0 0 960 1 13 13 14
4 21 0 1 0 0 0 3000 2 3 3 13
4 22 0 1 0 0 0 3000 3 12 12 3
4 23 1 1 1 0 0 573 1 3 3 12
4 24 0 1 0 0 0 3000 2 2 2 3
4 25 0 1 0 0 0 3000 3 12 12 2
5 1 0 1 0 0 0 3000 2 14 14 12
5 2 0 1 0 0 0 3000 2 10 10 14
5 3 0 1 0 0 0 3000 3 7 7 10
5 4 0 1 0 0 0 3000 3 1 1 7
5 5 0 1 0 0 0 3000 3 2 2 1
5 6 0 1 0 0 0 3000 2 15 15 2
5 7 0 1 0 0 0 3000 3 8 8 15
5 8 1 1 1 0 0 371 1 15 15 8
5 9 1 1 1 0 0 341 1 8 8 15
5 10 0 1 0 0 0 3000 3 12 12 8
5 11 0 1 0 0 0 3000 3 11 11 12
5 12 0 1 0 0 0 3000 2 14 14 11
5 13 0 1 0 0 0 3000 2 10 10 14
5 14 0 1 0 0 0 3000 3 2 2 10
5 15 0 1 0 0 0 3000 2 15 15 2
5 16 0 1 0 0 0 3000 3 14 14 15
5 17 0 1 0 0 0 3000 2 1 1 14
5 18 0 1 0 0 0 3000 2 2 2 1
5 19 0 1 0 0 0 3000 3 14 14 2
5 20 1 1 1 0 0 386 1 2 2 14
5 21 1 1 1 0 0 395 1 14 14 2
5 22 1 1 1 0 0 411 1 2 2 14
5 23 0 1 0 0 0 3000 2 9 9 2
5 24 1 1 1 0 0 464 1 2 2 9
5 25 0 1 0 0 0 3000 2 1 1 2
